0
0
0
0
0
0
0
0
0
0
0
0
0
-2.2947030203546364
3.183840584079446
-5.961914353445385
4.695533096237942
-3.2552376811244628
-1.3464171142342387
-0.31162302123249397
1.7173968315774744
-1.637145310521042
5.530644025432755
-8.049341041891154
3.7530359888665603
-0.5660425721413709
2.224427742429269
-3.8545589198473102
0.4628398422942822
-4.519253861914562
1.7083327798746364
-4.192970642628131
4.859216444692506
-2.9594083161902
1.5525179603470096
-3.2342646807450603
1.5637649230756558
-0.07272490156037925
0.3118996562932761
-4.936489822925473
-1.5635798949201103
0.7449958878224123
0.6191224682034111
1.6430024938470886
5.736003923962606
-7.12962731444581
0.38775327892435785
-1.3875827951931932
5.022702695155984
-4.185220642007717
3.2415980563325313
-7.12396296011342
2.817083391909986
-6.224993255197116
1.5373948048079538
-8.669510639333325
9.09922549561032
0.767691506080503
3.9350410663775914
-2.0761299972701273
-0.3439810585076586
-2.0491068904291114
3.190220470151298
-1.891625732342189
2.6341262281766644
-0.333125908993424
3.8342787061498846
-3.918057558363289
4.88160796170514
-6.114962884043969
4.64470157421463
-2.8931615517021436
3.3597309869530614
-1.885185760254297
3.1568416077627415
-7.316787354957972
-0.4502204407078523
-3.603342391208752
4.605638087878544
-3.9612236792989446
4.810375847569427
-2.2446544907652055
1.5510695616089047
-4.511920522003151
1.9903946202603917
-2.7641939470113734
3.4169415082435357
-0.3347198792678472
5.890331995986099
-5.4098227692669765
1.6181395915976253
-2.306496961954935
1.4228918897610698
-3.261548927600716
1.465203815275831
-0.3925951643333323
0.5101145342056876
-5.245989547959702
0.624300646462931
1.262379512316798
4.6035564751868225
-2.832448831644097
1.9253871117266135
-5.71145409218998
3.457734991649704
-2.7064886602302254
8.406314322730884
-1.8669984066992187
1.55975944168402
-4.436889807845363
3.8256671851874864
-5.83810937853162
1.3235247953594804
-2.1495089005728953
4.788796637594051
-4.618275879725285
1.4956138336365654
-0.9208816505887213
2.766403211110496
-3.8007918669548815
4.713480589605929
-4.845866928632025
2.739139182295216
-4.67883678110141
-0.3486564747846099
0.5053763598485794
-1.1231952959722342
-3.552902243221949
7.079869593693174
-2.2877586940131467
5.531547393234497
-2.3542117856262514
1.3254676767708151
-4.512984711641151
0.16579627798305574
-0.270891414740535
3.755307037091367
-0.8526129984010096
1.237680707840395
-3.4911430238080157
3.603264670794481
-0.5825294052671075
2.098312920215051
-4.048900382168995
1.1291414395110273
-9.685550081973243
2.450582690691556
-8.522201646410371
2.4035349504175025
-1.9849649993663974
-0.9575888652310134
-1.4897419656898645
2.085535002251948
0.783794041591424
3.7767788689930115
-3.17709464468467
8.596516765586824
-2.5719423574944544
1.7959802004961898
-2.640611750740757
3.500579861981927
-3.3936545813836068
3.286748390780862
-2.3540265442388235
1.1476527138687964
-3.8954500256275755
3.4917236003839447
-2.455038755436876
1.6837716764878659
-4.526905756408654
3.768119855607464
-0.017043374583796567
1.9094026210944737
-2.178716849805535
3.031356111119633
-5.191340247683105
2.9611399480990857
-2.7365426124441976
1.297272815391192
-5.229020858618515
0.9346884324492275
-2.7195165013094074
3.3278870026979046
-5.4385211332247305
1.9411116881532158
-0.4743845901976719
5.830058862375653
-3.2959587756716093
4.8616229956866945
-1.6034510969059044
3.3293113448437013
-4.093701151420536
1.4537245935830807
0.09824818279151515
7.239228173312716
-6.204438322941269
3.329773119840073
-6.981022708864771
2.722757011972954
-2.633130471328867
3.9453762759209003
-2.6477339401487674
0.7424649538541956
-3.2507607815136224
3.1767296675204157
1.0486680551292444
2.377938687227294
-1.2922600035419105
1.480543461439956
-0.03850158046209451
5.394989268966693
-2.2196741840221126
5.894533427301752
-1.7535286561435393
3.2480564387790234
-4.092470304304601
2.911571729084754
-2.1892123086499504
2.250396054470675
-1.7276180586564476
1.1888816787442522
-5.045802853395974
0.8892752990676711
-6.905690858155425
4.930850450217726
-3.5267409664420035
5.112164231632867
-5.881986290146526
2.110322966360652
-0.6617432925295033
3.262022155073545
-5.638828391553001
1.923586359192587
-3.057794515621781
1.857415685670611
-0.9914791575713018
4.7254380706595995
-3.544147802400475
3.2856257089539356
-14.815322586302061
4.048546401182345
-6.988865637937014
2.3658829419048004
-0.5627428192443489
2.48989483114979
-0.700912427589182
1.3134604749278378
-5.358911037620175
1.7471481972548932
-3.2565322432382247
2.719892460750833
-3.3876718828131627
4.618774299575506
1.840890461820468
3.8365271983118743
-2.148686267876822
3.868354764493745
-5.549200062800702
5.321482490611047
0.5363928166786156
3.748611446528564
-3.19807068045803
3.046984674765485
-0.6358853560823721
-0.09307359481618227
-5.841615024935132
3.0656639775092405
-5.243950817712827
1.5387237574687598
-2.4127367462874845
3.9911404515909936
-8.600162511153599
-0.21504762887478446
-3.629839735489677
6.171601134990258
-1.3619206861956386
0.5137991424370894
-1.7752214919943567
4.155429992326977
0.013763239573514774
4.304034842396902
-2.475376532517847
4.540993432241152
-1.9625298014325452
3.491481216582824
-2.993650259241278
1.1091238785592477
-1.5492424344075473
0.6511468456155144
-6.213818954444656
3.2167520902672475
-12.246614480156046
4.638282006107769
-3.001703270986842
2.156152753208861
-2.301840889766888
0.8602349946013028
-1.3388564820624573
2.260090707272684
-1.945043024520492
5.961908444444791
-4.200759088666986
1.0013252439312836
-3.459629299515636
0.660831890474858
-7.290260797966887
7.012689472939354
-2.7774592128575875
0.08657521585939953
0.40947885939553075
3.5595924268375043
-1.749932363441109
0.6136961812043952
-2.9830933761719653
2.1558112115116908
-1.2048966850333673
2.197489283746523
-4.36873400226437
2.0014345454030726
-5.086499225607729
-0.7791090617500629
-2.257599604312011
0.6278586075980037
-0.30612985624905065
3.6723353750918712
-6.173403100026348
2.579150242508857
-3.777665211126198
3.268945929308625
-4.146925689456838
1.5518125063733574
-1.846882197453028
4.692685965562964
-3.039905681101545
2.1790107342684277
-3.0075651558855214
3.284687958650103
-4.255116587744407
3.518031087051144
-2.907616377772606
4.441890667074917
-2.052253957469768
-0.21347872563541337
0.2238547386179155
1.7352743332232965
-2.502807201648148
4.869269265961277
-3.7117026591215247
3.8691672717592227
-2.955575895928772
1.1151052363263458
-6.185664076239053
3.465657517587404
-5.648309262431425
2.8401145304271544
-2.6498203690751714
2.714521108527012
-5.096749272802358
1.295356054151485
-1.1903381767680599
1.1819033656330795
-1.4903734454149102
2.0931840166925704
-3.762098663746867
4.082589240285084
-2.554761822328032
0.5146237696978972
-4.581224453043058
7.64094125421862
-1.5555806693712413
6.111479005466152
-5.411482795196049
2.3215971949970045
-2.1377111449190216
4.8498942120570225
-9.025494020563526
-0.6162361693893814
0.6761692561726811
3.3881122396787386
-8.486216406011598
4.691634137850595
-4.29783954417312
1.9633578860410354
-3.567439636382757
3.838686911604499
-4.717894511838718
2.470905870278284
-2.816799939709269
5.07231736589534
-4.777937547551386
4.398850224298225
-5.262205795861622
2.6359601424879138
-2.11185369990301
0.4144873953581589
-2.0191580211111875
1.1226390270985265
-5.220084241472455
7.2323676919347655
-3.8135400114477482
2.3901508042159065
-1.185946545415272
3.0073756301601224
-4.3425691275037055
1.7705818399866153
-2.1160431871504697
1.4271901282708954
-0.7735461564924411
2.8670870344770973
-7.1715260550506885
0.9132133589486315
-0.468266288161141
1.3318379333251258
-3.089087007545791
5.026077801586653
-4.510814303822607
2.670510062807356
-1.7034488263121337
2.56014195172869
-0.09079918274372178
5.355597182296333
-3.658523568543324
2.4375457117811923
-3.1915992413897953
0.6817172167965193
0.6935544139146863
3.1382539062517014
-4.212307706461689
3.5294631377924865
-8.220530100166801
2.453269629634034
-5.3942027706868245
2.1117207499775588
-5.7723623612728865
2.641253524218817
-0.4855420911900165
0.9907529664084122
-4.481866118536445
-0.36157337640103826
0.4614421644914648
0.8709690249858077
-3.2165190089358853
4.15195104196131
-0.4306470083003098
-0.13350509439593194
-6.465014918508215
5.625372507503872
-5.500544145814888
2.7190415688800833
-1.997346476361092
1.5238813269270608
-0.31303750829502874
2.988811738774376
-0.8072874743045535
2.6521365005909825
-1.3655532829060064
2.932366415256835
-2.1405183922232887
1.5161923713372456
-3.366849894830158
6.766150365019982
-2.8610258025641575
4.857936198865309
-9.849860420773206
0.616772391763579
1.06132529498481
0.3911094706952625
-4.729992290001244
0.7480447210667549
0.6655624163189895
5.8225224179458195
-4.47551874118754
1.1271622204122702
-4.553865191079748
-0.7670632350821034
-1.106656245466091
3.7847174312769725
-4.0548428753566625
1.147207053252151
-4.64461239896819
4.187005099650078
-4.28828890289731
4.241493868592983
-4.789050443453434
3.3595872679791907
-0.3380752310594466
9.960001802690504
-4.096062553511528
4.957027173314884
-1.523222454057724
1.7763077346926883
-2.9776366495759223
2.5660105356548435
-0.23818622620805585
5.014229691341154
-1.7456223170561276
1.3243819067274176
-1.5392100289141109
0.4820025876282763
-3.3540447906861814
4.968126341556371
-6.454366265842493
5.283985434938851
-0.6874276737721656
5.446208238693541
-2.84999898551893
0.5871017774163261
-4.5245801529819545
3.134067352952467
-0.4675553536113273
1.8126853340483469
-6.72117593057074
0.02548140945034838
-1.7994641040463997
4.073459514440741
-7.121417582594696
2.77541221356169
-4.201548776385694
-0.5788340396569058
-0.0993643129343802
6.112467398410037
-4.754038840953356
0.856050193846305
-1.5633196297328755
-0.29699553829837555
-0.7504760084157529
-0.47923556440855464
0.3929264666189738
6.300306384596851
-2.456116381550113
2.681618284963476
-2.777885454902026
2.0458164609903218
-0.8255640860488995
4.233218367968753
-1.9060811767119707
1.604557592636494
-4.265717975696439
3.6062541370416152
-0.40947966867728136
2.624643187780258
-3.1741634156969543
-0.4503890879258581
-4.289170883007443
2.6548704767765097
0.5077165375090837
4.772844843450176
-2.1807377525899327
0.44121024216828414
-5.695288151779913
1.5256443645165483
0.24491887308421312
6.372096994049555
-1.639529110810578
1.0842710396567172
-0.7500179025782883
0.569832077457975
-4.183777510792483
-0.07652320591183148
0.501841695291656
5.631395158860251
-0.7773348148855064
3.438264487455214
-2.947926065689777
-0.6083224264437739
0.05729275019670155
0.3718195918781593
-0.27721397072667564
4.045380932421748
-7.4315757703720475
2.4020889060011594
-3.6879365257888637
2.9057040752418555
-2.1820316306273684
-0.7418343110732835
0.7518304864580987
5.3244363988958
-3.76002897029513
7.741959299411363
-2.4453153999320554
0.6048281768653068
-1.8318954298852705
4.853262317854118
-1.8266236242905087
1.6262574083831183
-2.686210568500841
1.4541200878032885
-4.645065211943907
2.310011194460487
-0.26683166314539797
1.7773050673616324
-4.249151769816986
2.61310299098331
-4.614348034323792
0.5416388361995423
-2.9232767857502795
10.571489392615433
-6.415815481927448
2.0714419566823907
-0.5243853305560957
2.135041032010876
-2.8039286094970626
3.019619433773878
-4.974058959751767
4.253461022712674
-4.6860439274341505
2.843870826917816
-3.7028431415180036
2.0634429414246465
-6.445028234741798
4.706863441925367
-2.7102890909214565
2.1151158555678027
-3.177294408660474
3.055923599266752
-6.686525064945812
3.5048610846171226
-5.0858458791919725
2.60233509351088
-5.962368956998834
4.2321305877118345
-4.572998922710501
1.2377613882057474
0.47130467100597784
6.135277123697461
-0.6638569624172739
3.342759579555171
-6.750385438671164
2.283003415709959
-4.391946332593967
1.3960147234712867
-2.6468061411197823
6.352292212940644
-2.391489731098206
1.1260874217185197
-3.927782405936466
0.09687905054761003
-4.703322134120032
4.152209702670043
-0.1354292517073281
5.822653026653219
-0.8600955706058437
1.623522242783654
-2.4239568740693027
3.729491053497558
-1.1690034024833658
1.0861532270459007
-0.7209191889697149
1.7714855507102882
-3.2483772875882986
0.6200138237337445
-5.654003466102283
-0.14855987623855604
-2.2519397743242653
4.051707781928488
-5.180095749084275
3.652030473547626
-1.222746467992377
0.9481048189290338
0.4470802174400639
2.287025041193276
-3.0931723692457904
4.4295713817101605
-5.690601491087816
1.2199677028084839
-0.9940662876183364
3.949210839164563
-0.06497562638312437
1.9579184649304509
-0.8052940696803579
3.013921823484468
-5.81765645133479
2.36933797683053
-4.674575648136778
1.4572867685960387
-5.073114898933237
2.8257634969243055
0.2568818908363557
2.5913277723734325
0.687814733321253
0.7767567531378748
-1.7658442637343392
3.2685496271384693
-0.8371333291527219
5.401010155512647
-1.9717402056781737
3.126723862306431
-5.0155295852217865
2.8425028579963225
-4.59374461156616
0.6503088213148338
-1.820565342133385
5.7231704702380375
0.8361175595583195
5.346741401431803
-2.5462606784888204
2.031850594619597
-3.428204591023933
4.079305312697089
-4.405012438790342
0.6524795062373476
-3.7711393358493366
4.285270154780119
-2.5947595148015474
1.7396256574887285
-5.899634350180476
0.6637990005367058
-0.41852128576722336
5.258259525554215
-1.2723920486860845
4.412776439107009
-4.418745952347363
5.428848066597131
-0.5110223348550077
3.1658838014600086
-3.969798379808593
3.7611786581937907
-2.2845125686648826
2.2565483352574045
-1.7798673515749224
3.1478877143774193
-4.667648595844967
2.540471253942737
-8.395372648210557
2.5921034599171096
-1.5025405046050042
1.879810884352743
-3.4446660173847805
2.0842103373690923
-0.21846319271651793
1.9653663207920442
-1.7496405657747023
0.8320168436036586
-3.413520453425251
3.4319432785278066
-6.776928839872382
2.7221003841910965
-0.983998191095484
3.0820580362781156
-2.276729222115698
5.757671456004807
-2.3661854734467886
0.5120744523501357
-2.907359666634367
2.8132278247615994
-5.105542829301349
0.22290259554576775
-3.025308925718449
0.6520073863388607
-1.4712092539716863
5.535108022262636
-4.279082390538942
1.9707587818560732
1.6632660814217086
2.987762739508092
-1.8529556121526547
-0.46833565736966065
1.8551301742366988
3.9106494557544678
-2.7044135879305577
3.7664641208057184
-3.0854934583205034
4.6752401332886935
-3.649492707330775
2.8124776729641443
-4.378360069583865
3.993005722695517
-0.5241345076301069
1.4667053926781728
-1.7650643118279499
2.116156572118542
-4.983705938513508
3.216001956665341
-6.900162889689909
7.14278495098529
-3.6281805966248566
4.434562466514349
0.7967946031859121
2.6709023734975545
-2.1600841882785673
5.838613019604698
-1.9488102289033038
3.875686933998651
-5.2224672008618285
1.3626084075454443
-3.0824214506266303
1.8525743963020052
-1.3664220741187894
2.7558791725210736
-4.713563633178907
3.6647015485617986
-2.7639611701170828
6.156673078863053
-3.309099869333025
3.7255749700163925
-1.1883244000323927
-0.30353990689124544
-1.9815284615202415
0.015017635893073589
0.8640095943020327
6.622659462803833
-3.1291311938018076
4.124179473926668
-2.6652843597923095
2.138294577611442
-3.572778417259393
2.907381336944715
-5.137159496043008
3.384724202322354
-2.7892519809715837
1.4364203123330037
-0.5526826536027962
2.7738752653306036
-5.32408758512074
3.0697686497899532
-2.8570810037620213
2.8937179500508576
-5.99283884103635
2.7607378540021466
-5.629705266758059
4.336434651756372
-4.557688915650606
2.2150056981894544
-3.983039753579177
1.2512733347620824
-1.524681303845254
3.559962052640245
-4.951753005327173
1.0267242390081277
-7.286995632433034
2.031570123994256
-7.0655220380909585
2.091721905520927
-5.214806468834021
1.8283737955954766
-2.8132624550749608
1.8724842014702463
-5.110632888821713
-1.1404987970769902
-1.408956950037508
2.2118298279563957
0.6040305118232787
4.920631389050852
-4.1388724475120835
3.5421749969312226
-3.2616181276319294
4.239235112936345
-3.409875557864486
1.3038227551400268
-3.931253367710201
2.7724542147813005
-2.7160405416508238
1.6872944861228294
-4.952720050063047
3.6259113700195598
-3.4403404014463668
-0.8644055788897393
-7.579872043800245
4.512524827364129
-6.370906909728858
4.46232311960904
-1.2488982920056522
0.7392709325003959
-1.7045770417792645
5.516387940479485
-5.48104323719309
3.325718984519373
-2.434422771715865
0.33246679547119395
-1.5579367539985718
3.357980237484299
-2.554512609202985
3.52654348493453
-3.3854912764138057
2.9467019641795207
-2.231646090422578
2.03050828437378
-3.329123321088055
0.4641239977083931
-2.401014437512932
-0.9292993163645811
-1.483214048884939
3.7692464340024516
-6.249308217273939
2.540711125504207
0.7706141462639309
7.472258879506953
-5.086440041515765
3.471091089299751
-2.1769806400547327
4.537626891454807
-3.111094921901726
4.969877984983841
-4.088920202799166
4.178419179982047
-2.604476929520949
4.515207569035452
-5.169609237222672
2.070172227277536
-6.1028401915436845
5.665984595375598
-4.211297127116755
1.1615122383334517
-2.214272767910718
0.9365630460455767
-1.6778479519902
0.47594998425528035
-0.3692076187367681
0.5406209688205179
-8.232593663529459
3.2854016130145767
-1.254503562684362
3.1881107529110935
-3.332609423517406
5.417903923113256
-2.042105631554677
3.828355590778104
-10.560814630249437
-0.4648629292539894
0.9928209378051545
2.52919638261529
-2.0649129192894873
4.548310893824082
-1.172395188336857
0.09828437048428373
-0.8042230194250868
0.4146093880881567
-0.14247874111273617
5.2967006647391885
-1.784224007847195
2.964869283468003
-5.60720006594569
6.181613425408907
-2.630754687767837
1.4841758610847884
-1.087875712802286
3.4220680999108675
-4.338267162354946
1.327141882229365
-9.842160241812085
3.203963987415661
-5.189400352961042
3.9878225605266686
-4.295819042983378
0.09251292565638902
-1.9363706778253997
3.741219720833176
-0.18813002607501228
4.6151513351775595
-3.240112258350625
2.3731251843724284
-4.869269222192576
-0.6421575068166288
0.014999655847505622
3.7816642373399603
-7.176775654669452
3.994990410713463
-7.453418633908146
2.6861231158906467
-5.604406457865691
0.32692118749581667
-1.5608109680503546
8.001709370113131
-2.1471431311879545
1.5299055484184496
-2.0433323734611815
3.3716528746782926
-4.94030036372668
9.739090739927258
-3.776875283634332
3.0128168260131463
-5.167961584138714
1.9062109822953872
-6.554256778955314
3.265011799741349
0.5436866791241286
7.048985236555274
-4.545866758028563
3.6566356626883696
-0.6145598598618012
1.915738119919303
-0.5733369230503231
3.005652983711107
-1.395280959750158
2.2212354093625617
-6.276234932579858
0.3968548934797145
0.5231704417695289
0.8512020778341198
-0.5990940365943613
1.2826923507077277
-4.031543967867263
4.095992905782589
-9.060918719615833
4.268686597615517
-3.9811016594994
0.8844629477980153
-2.8486897711028143
-0.5947313846848559
-3.197568092688245
4.937639646566199
0.3710141831003284
2.8654002704350106
-5.418892752746559
2.3829392344985783
-1.2940168191127253
4.201445067972933
-3.5406683557197485
3.2197705248965427
-0.89058920169491
4.318371729105738
-5.785546473895663
3.4830196105432494
-3.905752019509738
1.5852583431824918
-3.99961781141709
4.716673737367707
-0.999425894349935
-0.04579650888254294
-0.8758301477494803
2.4840390199064397
-1.7734304139388872
5.0017660798722865
-4.226241716793227
1.5078331360885793
-6.329261059433313
4.068713321767741
-3.9175022705830687
1.4927623469227278
-4.821588907841512
6.931338337107598
-5.930521694064944
2.125086856198124
-2.8882286531617964
2.5175453529259384
-1.2494497766116952
3.8921431932709516
-3.6647571581334213
5.212480228779543
-1.207325120030582
0.9282876978386507
-6.8486594943463945
3.576806965310781
-3.0598866352736778
0.8036963452977979
-11.124920023366863
-1.6820030455513297
-1.0331625090078767
5.639255947004602
-3.1291972953588036
4.601842119114119
-0.19645628176930785
2.922248481033391
-2.395678599891596
2.4490972702246148
-10.02248996359302
3.2205961675111343
-2.3827907762873686
1.4074063550982125
-4.946426187662853
2.8048167522639487
-1.0902056684381427
3.8155801123537616
-3.4583823796530755
-1.2368620593832915
-4.921716503771936
2.349185126207969
2.3718857728442444
8.217880378284695
-0.9553278352033492
2.7631384359891897
-3.28261142919265
1.5699043048141044
-1.086051291555814
3.5985823917779296
-5.562253654304389
1.9153299711669263
-2.523025243048469
3.3536971669186784
-7.569561459246939
5.18177344159878
-2.984620911695687
-0.4091120097056393
-6.340129356145412
0.42099621758619676
0.5681963525748284
1.6769031806078978
-0.20052517205349574
2.786741343191032
-3.4998964191775737
0.816626117946937
-3.1701535457951
2.2405336866179386
-2.2638136929517056
4.354760433379472
-4.8472672918822
4.49144733703072
-0.7335310890592668
1.7236561810702256
-4.110925286127511
3.7076028306512634
-0.20444916844480332
5.930693700923858
-3.815079671750876
3.8340982678625712
-8.01014971635913
3.693210860303499
-6.506764480548819
1.1382463068899884
-5.5878136042744035
1.4751030535401917
-0.6258143010749819
2.5166790605687073
-1.8223163713810324
3.7047909766153557
-8.79723404477135
2.5155613544701496
-4.046621225817093
4.414105256091899
-0.8916933434208314
3.6796485609801195
-4.301384077243695
0.732374168704465
-2.7880852350907617
4.599816208619831
-2.1088415314227364
2.659389808097047
-5.6420326025342975
5.052622676357405
-4.546303895541893
2.192459659202324
-4.6686136611931675
1.078640638734564
-4.196757628015346
3.7366659909394446
-3.1925420943537874
2.15069951350202
-1.9924382017997193
0.6063385736776208
-3.9828123261796815
-0.044206776000046855
-0.8109653127142646
3.805782796379083
-2.668536546028884
1.4032904975390554
-3.0641098137204663
3.229774348370983
-3.077823609830461
4.8213091029975255
-4.060016805423619
2.029445115338835
-9.6026201156822
3.909899891458852
-3.245895290010549
2.3692270643380615
-3.112912577766214
1.1661664016775792
-2.555783517745862
1.933961024066507
0.4496001660568929
4.23431885735354
-6.865097364789724
-1.5945330374912352
0.9284926952013315
4.2306369505016725
-1.838779600893469
2.853797317071963
-6.278310236232525
0.5347787476246291
-12.606855376723644
3.4912775824961555
-1.3433232441951457
1.309726146772293
-4.337208709648884
2.1160996725130157
-1.5774528651315551
2.5379256030379698
-2.3609616177157022
0.9030841981190392
-5.520305666262156
2.9604101645402867
-5.044992672373728
-1.389393025922221
0.3193095412429514
3.8905847382929686
1.3087267650024312
4.961443014572127
-4.985623182988095
1.5769809137529833
-2.8856934223245654
2.8903537551018337
-3.3353591791179475
5.059442966802277
-5.628967555965692
6.50339624399954
-4.316054053220956
2.263027871166212
-0.7670249711347368
3.632999292091629
-6.502247018270694
3.345825622796152
-0.22863786954028065
2.3501714981892374
-3.5604832509583537
2.372911555572935
-4.993703406891804
1.1475756469841158
-1.0992555100879748
4.60108174253614
-3.3570711377845988
5.331000900896333
-2.2396728219655078
4.251041502133001
-2.899066436438505
-0.3520054514235724
0.25838392291932166
4.4970992442389575
-4.842015478057339
-0.5466240156120552
-1.3942982450961932
9.312841157821625
-0.18331218882507105
3.1704533813112983
-5.0276551226829245
1.1597372081635768
-1.8138802289547726
-0.1707433843168218
-2.715712773655876
-0.9913580445073151
0.36843393770096533
5.482488834455235
-0.5286067608662347
3.393289955003914
-2.3600372634300024
2.5448418218390376
-0.74591158511033
4.180517157975781
-3.5352930505610924
2.03551193124603
-3.9872686320073325
-0.09839138863897645
-2.082037784569552
4.68444005132029
-0.42378358795228843
2.8763991063501293
-6.236548497375459
1.3654978327064353
-6.22004788761735
3.321684951568765
-0.5734327125825107
3.0199929894347335
-2.989144481203203
0.5880871142659743
-1.1207269389333376
6.052160481114898
-2.666361368489012
1.9700835247771717
-2.799715808979471
1.564835002162285
-5.170962737146636
0.7432271322118655
1.0446878405278763
4.80245549524212
-7.039843826261873
5.610362233617917
-0.6833092185828171
2.530592919423684
-5.004569762623639
1.743122440866152
-1.2097409410747133
4.559562078791429
-3.0494059994059133
3.4237815040396464
-1.243554848677556
2.3021537977379154
-3.885439288656525
-0.8340996804837388
-5.089308813843482
0.9301081250024446
-0.397375271369528
0.19228667801419697
-0.44720316375499714
6.1463578389224605
0.23154463218414012
3.7889741723946777
-2.7435542848016787
1.7460388072158275
-5.317247707875795
5.50400853238511
-3.5982394798998834
10.171567441285267
-5.537827664300327
4.272099570739505
-1.1382889837938954
2.6127620526940607
-4.824970367491478
2.425540368362773
1.1563239799883895
3.3195670387833554
-2.2224971107934053
3.0143518085504097
-2.538313170071771
2.372322539902657
-2.3315468678396267
1.2849447150329882
-2.2173514977182855
6.260269310658366
-2.8833553119615134
2.6137572514776393
-6.8365835875705985
3.3159010146707764
-3.7390502947217144
1.2350897416636073
-3.5120251393889452
-0.9858579765468818
0.06399126419265855
-1.4311243137546015
0.257752799623411
5.283289915063363
-1.7120858765577243
1.7339674475360471
-4.0669393971924706
2.2328366980559435
-0.6144612230460897
2.7747055329401333
-2.177858996899679
2.034698140887022
-2.959292038691677
3.639894969727253
-4.321438513913522
3.492139904544409
-0.4192413605427614
0.8172996448127936
0.21458744932485452
3.3239842615833455
-2.5477240541897856
2.3901184467346055
-8.581132846827197
-1.09201296272904
-0.32764888222779476
-0.37058931349236346
-0.10577479784340582
4.348063688640474
-3.0561963313116873
5.13826807732438
-1.7968338040751435
5.813806231365525
-4.291126617710887
1.0420354501709093
-4.1041228419985725
-0.2769329375239371
-5.926814278740231
0.773314010671001
1.0433392613594439
7.77870497916382
-2.4385460551227465
2.6620033431651207
-4.287752566658264
1.1103417454270317
-1.8395017029338043
2.103206182165044
-4.6045677500667646
-0.711438184896755
-1.6576340843890485
1.0662154201716074
-4.7729832583229665
4.96115642396512
-1.5652070525881894
5.940774602431124
-3.269313386833981
3.5061169051074934
-5.408450686979921
5.37789992849341
-0.427822383726713
5.556963281144648
-2.337038474536301
0.49548606471856027
-5.668337809669464
0.8214046856080315
-4.465026853072804
3.071286062058946
-3.434416469480246
2.217858707850037
-1.1007300044820134
2.6609888319016837
-4.771646773050488
-1.042061519513375
-3.0492360237335876
4.480702234631983
0.2347977201921747
5.282185284340575
-2.2477275269547796
2.1145851638030004
-1.5570607213304568
0.7258888949029508
-0.36938323029349807
4.2759887368421285
-0.8797915245716593
1.0017073667918392
-5.233845151182397
1.3395541425275976
-2.429199237986996
0.7518784976188178
-2.5402349555039425
5.223923568820583
-3.603821114663834
4.643722829688297
-2.445868167865135
2.8394833530369965
-1.8477314891364234
1.0317715813942927
0.5295396501039304
2.288774558564582
-3.9239202748051207
3.194916030838984
-6.001778498225362
1.8806986389119569
-3.059472706399829
3.9418615849002854
-2.548513793516627
6.026543104903776
-5.221906701303628
4.690463283932421
-3.2033079122659904
0.34992098085195344
-3.159876726106665
-0.9118604769869343
-1.516307347165208
2.043767992795863
-1.8387389668478535
2.4215883135702074
-4.62157473341334
3.362899425234768
-10.078927449637456
1.4849770029896436
-3.131999283715212
-0.7173973966671703
-9.768972205415267
5.087178052230476
-6.295662128256563
-0.6114201486084276
-2.3809748271418663
5.72890166802111
-4.752415712068044
8.371253373457916
-2.8213540064294844
2.1043915505499564
-3.2665099754418065
1.098983167977524
-4.549630297980515
9.244833679933835
-0.6653693133799623
1.3082741906468809
-2.4213429676502987
0.5910937123206972
-4.004779356426013
2.877937303582309
-1.5882910956023155
5.59495942828789
-4.094820990365555
1.9169089483373765
-1.5145777712921888
4.937685049189241
-2.641998560688908
1.0996598273526694
-2.275455353706124
1.5515813720856853
-4.118868500664417
6.441381341145134
-2.524792808444748
0.5275928078047105
-0.9988099337604917
1.088776315365528
-4.600191331541681
3.1431311682556036
-3.2664240595041214
3.274583532482915
-4.202771167187734
4.914767576579531
-5.3786509890574665
2.7957250881602884
-2.0344262253072745
2.294731077116625
-1.8766592907846764
4.130035974418478
-4.603252976152127
0.9502514284098096
-7.697073034504047
8.702723799489998
-4.705065756455856
3.6509256017157554
-0.5228930641703282
1.2140901550559917
-1.2833366287634949
5.879872464561441
-1.2767252221243335
2.234969863186355
-3.8191698742824762
5.557634094994719
-6.72974835237419
2.6293042527800026
-0.54440362190938
3.8716002400192884
-4.1821190591521376
8.201593103524587
-3.886769202115815
3.1094537560394158
-5.113419104629469
-0.168728778738938
1.0023831696977226
-0.8321573462771923
0.5972750860802165
4.311757858147985
0.4209431983694767
3.9650321390292387
-1.9417672693734414
1.851381760110477
-7.377992006423635
3.0214992708977917
-6.498841518621449
5.350809135358788
-4.7949065407658615
3.066101360134179
-0.19995586081730465
4.514898063953207
-4.071866662783587
-0.7606026173079172
0.09733819810544375
0.1588373867910935
-1.1514132446233454
4.740302258421346
-2.8467219107429025
1.8419669826371896
-1.4214854177822716
1.682771508340668
-1.3378768298682175
2.3824480728963566
-8.589098103600243
3.3260181234861457
-5.034787997052587
-0.7572699521049984
-0.3090444663879879
3.924902891011359
-2.1116434970387825
4.406501563098535
-2.726906827054366
4.935559995263705
-4.664455588393921
6.360489702914203
-5.71380479015145
3.3387805705266684
-4.26875794454741
3.4040197305427724
-5.827151502030358
2.4250046406770966
-1.1507806155039106
3.036911819132495
-7.9350911248877285
0.12802940223039183
-1.4829627804655274
-0.6460708794476346
-0.7383562790630691
2.470888696320883
-1.8231266793514935
3.068140256197156
-8.048070919624713
3.6472254972494866
-0.23145500214845072
2.8683255857172827
-3.2503896471827494
2.4984321294471417
-3.599655995500248
1.1369537770932385
-2.661839031753999
3.3849856872260036
-4.068121484371352
3.849996243608794
-0.7980363588853709
4.881971978441808
-3.081619963365141
1.6955107888991612
-1.4025525450143643
3.548691070838873
-4.61541920493333
2.2122701966737868
-3.981535965533269
3.8726208763564083
-2.6188303935299873
2.2986991441896554
-3.308076836924958
4.3603073237145225
-1.4893826651193596
2.374547546846517
-1.4868327911428754
1.9194485727267747
-3.384535201398359
1.151400297932529
-2.7090361363894804
1.7773974455086528
-8.198788023043097
5.202737724700465
-2.4320895693210867
1.4482171502321188
-2.055851389408252
-0.5318992548113837
0.9316181566737463
-0.5909329535651935
-3.481462110720063
6.305915568935006
-3.8094953306313313
0.848122315780854
-3.8910844064212027
-0.34737420636483485
-0.685000217775654
5.171888532612909
0.5938058055713595
6.14543617016894
-4.113698672191614
5.108515293928899
-6.595799232910877
3.2164457541651026
-1.6327040628834664
3.936253473690085
-1.8177001617334345
3.2638920152806676
-1.6879285439810676
2.338125204264683
-1.2032834711292355
2.851970919721692
-2.896223194164526
2.261971174124044
-6.703700635249196
1.289115237478191
-1.5996103517444404
2.9550583599685356
-8.749191334180498
3.6872077934413703
-5.037830311718849
8.544816620754787
-1.1283266220712935
3.527232225652278
-3.9380462586782774
2.3167030976706724
-4.564704925677237
0.6324070382913858
-3.2704049625145553
2.398920348067392
0.4951539113059722
1.6644538717028492
-1.1654140079345692
3.77740262340029
-2.2736662792627893
1.8949106492190309
-3.209658042739039
3.554201854558114
-2.3898607354283214
7.393588014087326
-6.493060615247135
1.4930182368774205
-1.2008733076283389
1.4481180988568443
-6.583480014292274
2.667411240145003
-8.855232312096554
1.6239373218888211
1.9515219758660294
3.833869767038877
-0.6732837124999458
4.9246313013558245
-1.4209698465474823
2.854834517512953
-0.5300551491817265
5.234162701964887
-4.7069971835161875
0.7219378292627159
-4.448972150579412
1.2746376067110363
-4.296115914916843
-0.6778631108126785
-1.5044672824793572
7.139956460231831
-1.735355501646029
-0.5090518042503449
-0.3914123687417561
3.899761042708624
-2.0673912391106954
4.493375230558549
-5.0596193123877224
8.906117931135341
-1.8670787193829916
5.069656460061819
-3.002067204147736
2.1693501065796394
-2.3195720525887387
0.10332067179600735
-2.1336943331188234
3.452153789239886
-3.3639482098414915
1.1974710908122397
-4.052453637613098
2.4477116159347365
-6.118230442155203
2.3435898040101506
-1.2925909288533048
3.0811860425480355
-1.8908265129282507
2.4850944667215575
-7.089914648509126
1.5201280445571723
-3.71509849546746
-0.007576373611414944
-2.9245635169277993
6.9788049598394775
-5.184820762959384
1.252143548791451
-0.6914887238385321
4.146051276835976
-2.6251639527326844
4.34651539541492
-5.0292598431679085
4.117502607151183
-5.25699020561736
2.0810678364858344
-5.127074253676298
5.083220049146656
-3.7428147807324805
2.966566724896421
-3.313867402642912
4.657307224045357
-2.726930878309611
2.854391861779991
-6.916764833441262
1.1155795855417256
-4.007670877597128
-0.26420816708424866
-4.279436441644302
3.74858776725907
-2.2223068509423793
3.6730009076940164
-0.7637864869453761
1.3274310324749994
-2.7101784180541
5.1339514867680425
-1.1172260863412
4.634714043072084
-7.820774323844638
3.633440613873278
-2.1383018368774818
2.642130155328302
-1.7083171823790764
1.2141867488531766
-1.1386879028194716
2.5879381826523598
-1.611409091220249
1.247546540770304
-1.2040110460987452
6.67195759529338
-7.840350999189788
3.3368367760921394
-4.5109827722642235
-0.022134789237508556
1.0257809526862083
9.409947287298122
-4.897890742965469
4.100211170064652
-0.5303422483394185
4.429693377652566
-5.407209933125216
2.495007527056078
0.04470906156811516
3.778896046723239
-3.127525571184158
3.2796795872474935
-2.507180554198322
3.4646112534610514
-3.949401500216744
2.9116950143554385
-2.312089757614586
5.763505911429566
-1.579778732816125
5.047763630909515
-3.269788972523421
2.2613894972922304
-2.213185520256407
2.659339687418315
-5.4430771837849035
3.7420576941947967
-0.03567683633285412
5.174658175707514
-0.7982309431456658
5.251334553157555
-7.792345073865988
1.9462819276900325
-0.5794985490940167
4.45865046784375
-7.890276926065607
2.7891008274903584
1.548173899839636
5.276109718563723
-2.888388790410852
4.117280736631456
-3.512292591020158
-0.6709582377603684
1.115592356070744
-0.8281959972617194
0.9317493513184374
5.516460949959651
-1.3960704930770458
0.9826445517974592
-3.0876823688273145
4.565749385818377
-1.89184873834697
4.807933083336457
-1.8122999970362015
2.622641241956289
-5.217575232892604
2.5703647568559393
-7.220551056803999
4.134163619845449
-1.1559827606311732
3.853349427460026
-4.783833249826247
1.3756476874996828
-5.882576733462601
5.1981785576277995
-4.072744990334348
2.1785510211957755
-3.860903805576823
2.865033324327309
-1.1188909598433066
-0.625287657485929
-0.7227876736172387
4.642889761744659
-6.377298897080893
0.20784870062144734
-2.0131262638118788
1.542928718528198
-1.3949961187556488
4.4975619486032
-1.813156162446777
6.797221923047431
-5.2144802542842035
2.818575348803896
-1.1967735463772375
4.576027286166736
-4.360839836593923
4.640526995333319
-0.8850418295038605
6.170059810751369
-0.6163927386915238
7.211438892261473
-3.2866996937554993
3.429412070241778
-3.1352055675719654
0.9427494199405709
-6.383165191835527
2.2324722943890696
-2.17993779776459
-0.34286507805368327
-0.5635512509070582
3.1760190558139647
-3.5972180580644095
0.1385692388708352
-5.526643926467539
1.9444090320737146
-4.652269333798645
5.004608181413135
-2.5280513915115717
-0.9749685071486454
0.7168328364675425
5.036694772230756
-2.4177664237249488
0.7007532783376949
-5.964280443286219
3.4638723107180516
-1.9462556664457948
4.517373933402457
-7.665105504291159
0.9318697903660018
-3.82148376535529
1.9296328888633703
-0.4635420216997401
7.099441267262717
-4.2054700552296875
1.1420851768773401
1.085542789242675
2.538742188185366
-1.6756309492529748
3.981501614448547
-1.6917651423682425
3.283128595039883
-4.8821541536141275
0.7133217700841818
-1.49878852791145
3.0132017322396663
-1.8644301673297985
8.535600331082279
-4.483817706126666
1.5961628164579227
-1.8005602196568047
0.5360108172246727
-2.084347217960137
7.969018740649971
-5.1648687454742275
3.250140194876382
-2.044383966042638
-0.4139969950155242
-0.3596572432851186
2.743562916717061
-5.224318933610188
-1.0213989239457764
-6.783657502175176
4.249607812740457
1.407488588103746
4.903760389878468
-3.7002620487131623
3.2439034430536076
-5.812977249400772
2.7263982969003844
-1.1879288060612454
2.3245957834721143
-6.854181720599516
5.521077677316981
-3.687043897918648
3.4258187143170065
-1.8353969466679332
1.9892299257158104
-4.56082990349191
2.3172658214055137
-1.7793712262292845
3.8175957261974203
-5.691185634112223
-1.3364752771121644
-3.198415148437798
3.602108488015755
-6.653587515151392
0.6350705141131936
-10.988656434818568
5.277614860075105
-1.6419782963172391
0.6879201308692311
-1.4076553300955725
4.973043295194089
-3.7046567622177418
0.9547081330706835
-1.1724852266920578
2.439825675062247
-1.5531926703355563
1.9061082143240962
-5.3689744554463665
2.671256862118836
-8.652726645533502
1.8127590522872628
-6.182353147540113
1.8692299879840104
-1.8515788724720474
2.866510739321192
-3.304678769085531
2.8369621485745635
-3.428154452754181
3.940177128831072
-8.090426675847414
1.609832793443033
-0.7429742329892548
6.050950886731192
-3.7634059228809456
1.6523022199531714
-2.027557889572515
-0.031203839044547266
-0.9017663540038421
-0.16323534052109023
-1.0571300483461
1.216145915016627
-2.3271253314272813
2.5041839807013013
0.4613724017422731
2.8928264445998715
-3.9455449780239435
5.405214488505854
-1.1161956556860533
5.702550389019526
-1.398366571599114
1.9599989961294029
-12.303874530057433
-0.6659586855699438
-0.7256382253573879
3.214341504404998
0.028757658890948168
-0.059844216440740894
-1.2900178589672722
4.206204631146536
-4.870704621782659
