0
0
0
0
0
0
2.2947030203546364
9.145754937524831
7.950770777362405
1.6580401354667327
3.3545421420985164
13.579985067323909
4.319078561007931
6.078986662276579
4.982093704208844
5.901303422502767
7.818624760882706
4.78678264109207
1.636489824636035
5.248389479218749
2.3085757827425226
2.2621249620504997
12.865631238408415
1.775336074117551
9.207923337163702
10.365561016445952
9.042076647107102
10.20690544414128
9.866917001690823
6.011171063647719
2.39308794893677
5.081846202493487
2.9672521371700884
7.752336264513174
10.996570845749108
7.537863125916774
5.244916747207358
10.473628962720714
4.053562831916604
8.566861767177489
7.055030338334632
6.062990083612055
4.754588567271766
3.751661387511383
11.300154765253076
3.9246365535525602
4.684440817361786
1.8577989796091634
5.75610408216539
1.886680158779729
7.4360053068309195
7.636841203916593
6.164223651879929
10.273312729430103
5.996649249529383
9.663776563719106
3.4730336959323758
9.407072517319335
2.416495484225287
6.567195078065378
9.559347518237953
7.417975963396626
0.8540328346331894
4.676097539194183
9.36762828770632
7.885759178860749
5.838452388411966
0.43668769272359076
4.607920035492377
4.7288237316484105
4.185794076061589
6.147213302384046
10.81469152148427
10.972784337101928
4.3884999497839
2.447330830920878
2.869329043843372
6.9538735136776815
11.168459123081277
4.436591951236947
6.894234443365534
5.640774935019685
5.043102739496372
5.946762355820821
6.21067743289652
3.7851632301912606
4.088119470900009
8.22269635880274
5.697682560543283
6.5262936740097075
3.654204933758635
8.766408135922635
2.4154962783508878
9.126017638047262
6.465074092592599
7.423012496264237
1.5519727763745959
13.443666496253986
10.310795828704844
5.355887483301821
6.593110216069668
3.993225735367818
4.22539772264966
3.6701986907692046
1.5190450419020505
7.614663452988806
7.648062083445291
7.340526743083624
5.100784037734704
3.9780141131271227
6.234684532140226
7.7949661572230955
8.45759141665973
10.994150521779392
2.7720662588901552
8.900850546626547
4.981380874814368
2.8488948432419128
8.269585873060075
18.100948295255996
11.03741203911936
2.9286257611491493
3.190807258738972
6.672371512548013
5.003680440493118
6.107564343563995
6.459664761395974
5.985213466188696
9.417554827294447
5.857875307289663
6.946682126986594
3.682870030847857
5.934688619751315
8.309614795222068
3.9514605037562442
12.591302962744592
3.8448873643644617
7.5335218211858965
2.289020634431446
4.169193231900492
6.7794113749147495
6.503523233673697
6.485131475824102
2.6583663129667947
6.86496580006017
15.463366570423293
7.639985277094611
4.457993642975749
2.19909147666376
4.205133731793175
10.162667533111778
4.4609545434469196
7.951092688441745
9.790148685796941
0.4960540752549303
5.309524790278614
3.5967895573763604
3.3607078965450583
6.566223286010893
7.0879337710108015
3.036708666062074
0.9339884638470544
9.84573847511822
6.356815453635055
7.415871618765463
3.3986947038263855
7.732591646664509
5.186575890153949
7.53980454639451
6.425647464823751
6.494144624544685
0.43733346425332886
4.238081534871444
8.580971925082801
6.824743167687995
7.300769312565399
9.11396678001883
5.489934899502326
7.811270381329369
2.485694230919545
2.6722768110479898
5.855282680439437
6.637351062613115
5.095848222740955
9.196521923589861
11.522961800662202
4.459308339916026
13.875388232620548
1.2924054255620625
11.874328645690337
8.989473682023714
5.530797522423793
8.556581423443218
5.287705809987553
9.850254913446726
9.661056020159847
4.747813842390924
2.4336454164693464
6.342723268570982
11.045907703382515
3.5760973496311785
7.3499447576638275
3.886625027137085
2.2007362847633365
10.038613089527786
1.3814796471097726
4.420924940870917
9.53689210540926
4.373958889119489
2.6509411344724114
9.014120750839657
5.629144953170988
1.3752716307112056
7.35056161271339
11.749993237959288
7.847472400320859
7.884083111250446
3.1267956154088337
5.472619084944857
0.8230155408925031
4.087488033921693
4.58259805026162
6.598520012904148
11.125916653318761
4.7163880452411755
1.8369188352220895
3.7960992130789295
4.017689783496989
5.072884807480124
4.883042266167404
9.627176167584139
14.707796619638515
1.678097686748389
5.121101760696506
1.4136071373857444
10.298041159133358
5.681027411492018
1.8737194805481945
7.839560306633635
5.791819452220341
8.475294002547388
9.030544312046416
3.6976624990386373
14.056064356202032
6.480249627372608
4.75394438426861
2.804196761862899
6.7598520083972815
2.8635919356415283
3.8360473783144577
11.422492607398864
5.971413108711016
8.29620722421247
5.11168193039828
3.6016227065637945
8.533861264619087
1.824945513496748
11.194877097035437
6.976960989947385
0.678198352591286
10.866506239363392
2.4193698235791805
1.0474715467141285
0.8721620310275284
8.756422766146965
5.459503739865502
2.8713805470392213
6.139299544680724
5.870275568332932
4.015733805718897
5.798806603477212
4.739559970933301
3.1625870142855934
6.953582596040109
6.136498393948197
1.7705632376007614
8.011626104860133
1.8342889422350055
4.753609588250458
0.5783649012034875
6.408729973745757
6.386190553144991
0.6656151766404754
0.6490335626048349
11.476956702793796
6.090025431790023
5.087735705869224
1.4936647975313821
9.08446536919093
10.18727469934342
2.4367236067505775
6.679885942144627
4.312467976883959
6.099185299747195
2.576842857605885
6.026456837178618
7.2274510253071025
3.464915621949822
16.987304874542883
2.595827287238486
4.9389696415079385
7.993678393525645
8.939504950146825
6.546713968435819
8.508471176166445
7.417152532846823
5.292410264228277
9.742448664212564
8.590706963809096
8.564704050509715
8.805129510422336
1.7090660592117253
6.7991340861147345
10.093145018226334
6.674949748303926
4.042820864591069
8.743781944038851
5.053869827654985
4.8002011846676425
4.287638954377371
6.682748597259063
4.047479116852957
4.898494455980924
1.8070724160156155
5.019862838298587
6.274017289836028
2.4004996505628213
9.231803531012762
4.874776941540003
1.3951850363690976
5.380197410439067
10.120172872797976
2.2140339904268203
4.014186465547687
2.7632125346108087
8.831578274819258
7.043913624967308
6.530401667529276
3.082645387760661
3.2791425056946855
2.542601016872214
4.105682956291191
7.37275036119082
8.142253447528217
7.436247469562483
2.4708741634482188
6.559288029796357
7.893002079920624
5.4600551856435295
8.484317751487431
4.423618842086684
6.880029669581667
7.639260007669205
1.0823202863039292
6.5306515742402995
8.83152239145437
5.939870401452138
7.135682181268601
6.045691226858674
4.036415686832327
7.815536310222386
10.935843902153294
4.094643964522113
5.3244769017375235
2.3026735300856105
3.7150068865667465
4.24553729702891
10.208872118400189
3.7060985752865805
5.358787258393813
8.123856929451595
3.4194341189845026
7.918770654062948
3.2482115212642166
2.123216640310547
9.81419041280158
3.634024863277782
4.840718351660747
2.3234658316063594
6.6150630436850255
6.851957579126221
8.324732840619468
7.190837742548009
4.517140230325624
3.2317697045061227
7.09986251063205
10.11616484635525
10.770965547610146
5.231357069700261
4.830986561776122
7.787423248508002
9.09815413486048
4.445029858172075
3.2189964704207945
7.46944280569998
6.428662718678881
9.465772948196078
4.913899370048785
2.285068368411487
0.8790272301951063
9.75179065660564
6.789463833718978
5.711072994870834
8.044540832987723
6.173976183293938
1.9891029659358
8.097962850451344
5.926849653551974
8.886556791087207
8.390443120760205
8.894123567406979
6.198045451768632
2.7759546386073364
8.511715057967418
8.313719871441162
9.097092162085215
7.306528374354947
4.641636250670437
6.983117090291959
2.5494557471144983
2.8158603397796744
9.059503836562936
6.8037931245631516
7.64911067080083
5.235076122850227
5.488494756432124
6.640014536185877
7.066251771465927
8.444277622689984
10.883431737092987
5.711221411614692
2.4438479742796604
10.997431177672574
5.760141756235238
1.8904035494697657
5.912492846687284
6.912034761348336
5.178348054602099
5.359631605461835
2.865138435221325
2.41251336524952
10.018554651276391
3.311325271768138
12.558698921022717
5.648071729354484
7.648721813356533
9.058798187783006
6.782896109502996
9.684816806258123
8.17301241882122
9.877281722492352
3.3757850062441697
2.614410998035777
0.8451576029920485
8.773214632349976
4.539905175698939
6.520720176428499
7.460009554667932
14.389170221027541
1.4576838670591439
4.594109301904777
5.720706082160939
0.9025073899093705
0.5570881292008929
7.0809246725863835
8.572069349413693
8.812368113176744
2.5720515738870744
7.760335262265813
11.16930212404145
8.393364340376703
8.283641603510047
2.0288836034817885
3.929349746908188
7.855263593528185
7.242394406565005
0.6571571626641344
10.958439892009412
11.44840904462161
8.290529573756338
1.8877321555461712
10.148852501301086
3.573237921879631
8.311953238404971
13.51596602356159
8.180778410151861
8.460467761250701
3.8086984788654776
11.594851994583838
4.271195522550171
2.4890750429696262
4.400933943461265
8.497470341942421
0.9200253352492433
1.4502961144284812
5.314236318574991
13.156911625398422
8.249788257114917
3.7331527189008296
3.792299477373101
5.308653829666527
8.284293023181569
3.6769560536113035
7.742113423692681
4.110359726591453
10.103918203001403
7.388771630052988
5.584876154599582
5.716099631717642
0.9216266566320233
4.257469433845327
9.228007796665514
7.8370941955218925
7.98621559235081
6.31435125476424
12.861860031172542
5.01331550935992
3.7669951295376336
7.556900351404373
6.419805348810125
7.7769471921850455
6.636693600584459
11.928616368664661
2.7151655545592064
8.768453242363407
4.798298400883427
5.317927080924987
12.471587233817635
5.603386943798503
6.353832542761065
3.8950224207020914
7.273962492006837
6.158578563155228
4.721070899052213
9.173208213488044
6.04574986518184
2.6559555963699184
9.160836046082318
4.438355214215395
10.923258626165618
8.166394353294468
6.749241365851051
0.9891925701610251
1.8774283526613935
6.286637762368606
3.9867796637420367
4.504347379569644
9.202027725261672
5.2249784260899865
5.8345814671977365
3.9120519990960667
9.745773372674734
11.844247984221703
10.199975340852319
6.726059911164392
2.1009173546151736
4.33899543194974
12.502025021386707
6.562182580287242
5.30579859951273
7.981032638223814
3.520459403795227
6.708657740042568
8.301422410631345
9.598926571899298
6.861073320395492
5.27539826674991
6.929208085293232
4.143137715301739
4.5891508998573025
0.8551720887143115
6.474319342407966
4.467400311259522
6.307597958201445
8.881325908421145
11.632065231021034
7.155795181469401
5.482139642104276
3.7219499194234413
2.3835611901234
11.099416222143265
2.5230257326925667
6.0694165513951415
9.132107553304488
13.141634124348272
4.834600826691301
5.646934856421177
3.693552537644571
4.898887220753672
6.423389864381195
8.005402836914016
1.7087025671651723
5.1993115032954
9.947066197560222
4.462674336077549
6.225712934219781
10.68841052276797
10.819450297220495
3.030052842300949
10.135246310362323
3.5744634923364327
5.910654749147591
7.366614962464739
2.2468311570720907
7.958152880320739
7.570673722861841
7.150107938571505
0.6103893743428941
9.339114722296296
1.9409222607082484
9.496153346646697
8.198108503994224
2.9736174371183495
2.886456157972698
1.3597919822082805
6.0110955953214695
5.753327218433917
3.2907534069493676
7.715810208536873
6.022780563253363
2.1804291732085286
5.108223639272579
9.112947603725589
7.585545720323786
3.8951176641512757
6.009137470637937
1.708814053199312
8.71852184960391
4.769799333756643
6.735797739308921
1.7879149727397419
11.842299321503994
6.293671452200734
7.535162682047323
2.9528633819408654
7.608968078197343
4.667336352717203
6.187593086394441
5.923408494327221
1.3274833963719725
0.6394898417691941
6.377902471106601
6.532528457196356
7.063286515091622
9.102248012284994
15.709395105585594
5.410388554533401
7.437732420185538
3.5818643483511625
5.542064149576761
5.552664978622181
4.703869407742284
3.502296212751274
9.143624622619878
9.450340839048238
7.054951309392491
4.7471148810525525
1.0498492407395403
1.6888771133780125
6.995375791621087
5.800906844728518
2.847297921102033
4.952564529839812
4.993990179578699
7.961333483640775
3.9113812650871704
1.0318870941376481
5.871708315773131
10.971251293561803
1.4196618449568348
0.4763641113357693
7.4042600199521615
6.9351018813995235
10.104932849076413
5.146158292169481
6.203747216264168
1.816653272030445
10.217251034286566
6.949755909823384
2.949843448360836
6.707773932231809
2.3690722692858035
5.839198678494574
6.526363476553309
9.210087989265105
8.914567592087415
5.805722312220123
7.894001755680948
6.163823874388024
5.286431538680835
6.5057025315391925
3.3185887123320503
7.432635604952171
4.091297543246963
4.715499954824158
7.529912811295355
3.671645885133457
1.0952721251964488
5.1557802614137875
6.235552517974236
3.7687533805145934
3.2921134531227603
8.827744683484417
7.089590997553432
4.68721484217342
1.5613112314982232
6.212694833369703
9.196694529064345
4.940171345311786
6.490375378416912
11.248449806207404
7.893771196198411
3.5097977069586186
2.4281678241521423
3.8825069596437167
7.043163046983548
13.441826874872223
4.616976286704856
10.486369602082437
11.382840180487038
2.992394975750294
10.481317380089154
11.1926073798874
5.370901525991763
5.648613465958039
9.910202993313797
3.7296171582971795
4.595873068746711
4.466228399184624
9.689780418653445
3.4314867196295653
7.579683609878149
3.3751151810587934
5.670449872750102
8.966174149589882
1.5264027415652022
5.688967646907209
6.409555227759725
7.477354699670649
10.293418565636998
4.830151313467563
4.171390367901301
8.733288950570604
8.647324462913858
13.407789555945854
4.173818665886084
2.4974267838194866
7.156597686685775
6.054139737468831
12.287382447368909
3.1737078746893825
8.053719299171426
12.088362305640402
8.222872860668884
1.1711119484366606
1.4294324323574088
4.732701056517461
5.90679940840268
9.229373766534112
9.520340789519242
10.145715676124649
3.2660572209514838
8.586764726736794
0.857940815413361
1.3102506314144389
7.587024169164248
3.263452400419461
3.0206483382088853
10.971546176496599
8.360806120538733
1.0663144184929862
6.036546388050141
7.133408390152901
9.600015583657626
12.074294493065652
7.607538515074078
9.23117123257313
3.5757852561810073
10.972002944020224
1.6109921826959193
1.3844271585107037
4.294015375672377
11.116211175821869
3.8786804993979374
6.118715232900032
6.09808812494739
3.798792808847238
7.453107171597355
4.648032602494165
7.963591941806948
3.0980633339135255
8.164110275772202
6.193806162207055
6.4914512698863955
5.606775981114613
5.849689988833882
3.8613803379893925
5.303983774125133
3.8604364343220094
9.97618546855175
7.634827294021552
3.504068539640371
1.46351741148513
4.072395064285256
10.115410899566339
4.739206722202057
1.0323744241404889
5.765694338184269
10.259134842360554
11.704314526839775
4.849149817048569
5.753953635423519
4.951820559261735
3.5414086753939187
5.748194113886218
8.96567180937324
2.8887255892226316
11.704249694149034
8.72503810516022
9.67314324282608
7.465278484330556
6.881408023347909
3.902812000805941
2.8940742593733644
2.829867879637418
6.051068902663079
5.10456869195807
5.944062589986435
13.886648629334461
2.6938915445057594
8.031598113149117
11.522643552241558
3.5754592977548505
4.507153479538823
6.345601147903307
3.3848896666946793
9.941159885481074
5.170909979842128
5.570753521627879
2.1823303932920357
8.875311961877859
0.900464172992101
5.9671522818193194
9.552994542946271
10.773196650518333
8.071723664209555
4.488922159168379
2.2370150049148307
6.816101999081377
5.249924728425338
8.56594205808994
3.6361807328634557
4.972012555476287
9.575009115230683
5.235226540024632
2.932139890539214
12.163625722798862
1.943632272629983
6.771215229568661
9.375775238582829
9.374492812768542
7.2081420901621325
8.826034829879138
6.280434127539333
7.384238102354968
9.771156695221254
5.123250463138854
4.543644608728551
5.9708946182014495
4.436787394639392
4.0376094505291
6.251177573109242
12.455488366916722
5.77174245075076
4.3504473377073785
2.352874651672648
4.1993472738726085
2.451557586869049
14.512308594483168
7.847819548356362
1.0479157419237168
14.307838030263591
4.63055341840407
9.836903310777782
2.5397165886241932
6.906421617907397
5.786860141445816
7.414012753677795
5.223784771970024
7.343284644245691
8.317552603432937
4.474575017548638
8.102416871203218
3.777734530527651
5.97288911885318
13.043679627023543
2.5257804767840493
12.348927393909356
4.337274727329994
8.164498508974575
7.629573327651615
1.7865505938311124
1.7599453485801568
6.912531443036697
4.070326920624773
6.457598124165346
6.620233080372659
7.8402164748488925
9.79091581365994
5.290146380476622
8.637182677286273
7.258224420962284
9.270923547962148
6.039454826772598
3.9839242841706155
1.3480753311031677
11.020188658825552
2.220974964433326
2.9379248372838465
6.310718111049977
12.011702177331635
4.015348895181134
8.93686712276066
5.52556882483718
6.786452549442894
10.498138586016973
6.564617637813743
7.325914611776098
4.41241009215366
0.9064163289607414
6.773237113878374
5.665213165338375
6.59667836587236
7.5326595729247074
1.6918013436161878
7.454461195955704
6.665033721623914
5.410127977163846
12.182479437693615
4.753353555721292
2.3931749105631104
11.304911322492405
2.227627966120015
4.214373137438341
5.67326675681679
8.165282748654011
2.2121102979956317
4.877631899569465
13.019418037208943
3.3967230361147274
2.62035803518481
13.133887486124198
5.29452416091902
0.7736542383006428
7.967881850327249
7.805056426120952
5.657096400844203
8.604022438591631
9.05688069245438
3.9143271029616296
9.178777504071629
9.20812157523563
5.26121566098494
6.55005982920772
4.096637047634799
9.508781360309644
4.534890425549962
10.255696003167147
11.623726948931761
6.919593156392344
2.0955754609648034
8.677700057411831
2.1271933597627415
3.993018345397803
7.2750826697704625
11.323983507652338
7.995112199827375
3.720808860456058
6.171189508406723
6.265116601328744
12.030603804678487
2.352807026432288
9.814356809612137
3.6798601095256864
0.9329701930483894
1.2203653888671901
3.5432712464439082
2.9655563824435744
6.8383714226238155
6.521410144191908
7.10091696061864
14.263873526186837
1.3915969109273316
3.243099163295946
1.349862075408013
9.076909252929195
