0
0
0
0
0
0
0
0
0
0
0
0
0
0
0
0
0
0
0
0
0
0
0
0
0
0
0
0
0
0
0
0
0
0
0
0
0
0
0
0
0
0
0
0
0
0
0
0
0
0
0
0
0
0
0
0
0
0
0
0
0
0
0
0
0
1.8862275417514325
0.5004275688795268
0.49385566441968365
0.5092706627852142
0.20796145391636026
0.49016938305434365
0.780500862912918
0.38087375860165906
0.7173569521251224
0.8547127104903101
1.131088876363048
0.7514372528428428
1.159037120722207
1.6383550122865813
2.752850388687044
1.2801816123104797
2.271805392316633
1.3948728192834636
0.6489230338090266
1.7858318425917314
1.2044279747130844
1.4285021477728108
1.585286082607002
0.8703124497402305
0.49609441319432934
0.7532649867765879
0.4524156052148385
0.7102163566006698
1.1638798481488486
1.1668696200895639
0.3487355159588321
0.7309332282845951
0.925596846409358
1.1823958084650155
0.7411922907659694
0.9664548867352867
1.0162848695970101
1.1416848517677358
0.9826801146037054
1.190420518938879
0.5571127946050918
0.5683325501032037
0.5836359686573189
0.6842722506742582
0.852518725317583
1.0337631906660434
1.0528064187771378
0.713443158012705
0.4848733456073049
0.246746649864793
0.6397907750257712
0.3010172887280268
0.7990041868776558
0.4628078133463986
1.1449348567096884
0.966095738650349
0.9989027698660529
1.1598838992048686
0.45902716720254766
1.778142245724979
1.498137220738844
0.4578494006042722
0.6759080613072754
1.115927593326111
0.7707691922033604
0.26276167113908144
0.4875129903879956
0.5426689470383756
0.5703418224855596
0.5596875218346499
0.48114435075342854
0.4774742526363731
0.6635881907648375
0.7322500219149344
0.8135944325339336
0.44996723732673516
0.3241572945414468
0.7723022787039019
0.33928694310265683
0.4723756720174723
0.5541591080782784
0.8450404555060931
1.0775040814873136
0.7634682720490733
1.0477613403971997
0.8234826062816669
0.4805186813149085
1.0385682087240884
0.6670168424696392
0.6004379926016981
1.7458472164101195
0.7456632524301838
1.6875031608476085
0.9467968696355001
0.5392369814147233
0.48996166150000064
0.9298322561035384
0.43536577888192163
0.6577865957652094
0.6345715096738278
0.7946010640998047
0.586964775493156
1.3340873551354098
0.8867278769614266
0.27177760977295407
0.7832036945238876
0.4408011317083087
1.4596444242802598
0.6036121752341079
1.620554903055309
2.849555608348055
0.6918056972225983
1.0050924759972992
2.038285760612821
0.22472361612548042
1.3339934308005148
0.5668117411415796
0.42533860483372976
0.9662243529999053
0.7581198067289883
0.747507957541167
0.9790520284798312
0.7904159193335616
0.5176168495205715
0.50438653021288
0.774771163885486
0.7388658950687557
0.29038282874008203
0.42530269037937884
0.369946941577485
1.4347351967364084
0.5433489059084433
0.941519360581184
1.2623878299489864
0.6160460245521957
0.10949143314310206
1.2060867513396438
0.9765642693147853
0.37508848167491493
0.5526825853165995
0.9173709034121782
0.47558166933045065
0.4862898232899955
0.44171238642675803
0.3244476900652664
0.3658194577647542
0.490908072662009
0.33240418315125986
0.3030616340410992
0.4094072530323949
1.3475908953568663
0.23761329272783183
0.30416089505626864
1.1134409497967148
0.21740706005308752
0.3410082765153959
0.361257185990592
0.05796894823609122
0.198348712351045
0.4164853953804215
0.25570280306478566
3.2959616422028226
1.3071504269837508
0.23561102223966657
1.6745724379053986
0.910644477728205
0.9838011146143479
0.7807077964475067
0.4853278875294844
0.48749949041693696
0.4817024660933491
0.6231696329284905
0.9609953090686645
0.5040850996029533
0.6189724580151477
0.45605457228870705
0.33731772399430326
1.0731502936175161
0.562704838430534
0.7999579901673535
0.795644275544376
0.401136228463983
0.2970170943421273
0.8114705506600366
0.5493077644483257
0.41212203623072874
0.08590845006661141
0.34884193547898334
0.20504861630510263
0.589565232428467
0.3051726254447189
0.25895065842827114
0.6381566986249894
0.16372059406741002
0.7819928116454538
0.4788763680920643
0.6244000186179761
0.6880859042329579
0.9427986656630578
0.2114604699972027
0.9210931067792412
0.4680907357376739
0.5035243677413508
0.40954681210526145
0.36477591482305094
0.625291409764813
0.30873488588666653
0.4796007260857671
1.0960410720053453
0.47800974311120215
0.6623737485600931
0.603549415271555
0.9634169241902989
0.5817387941129404
0.246231751663899
0.32315711063699465
1.0938041602869966
0.703311025071628
1.1255852501344386
0.625678627271153
0.3726493325297919
0.5701152646079208
0.5003147223632898
0.3318959808502484
0.7946152700807054
0.045538164648419865
0.5974744843757769
1.4505337447835167
0.5845255071964637
0.19359583875623443
0.8588847672410296
0.8953690756372008
1.6329981328240866
0.4045202537452314
1.1030820384337652
1.7933670502923569
0.17521370831846994
0.722645068225404
0.745073262243037
1.9715783838068521
1.2549208321816252
0.06486962308973965
1.403452869973885
1.2425367403860186
0.4522993485524468
0.9028802281214574
0.5775769248821483
0.43782758605481165
0.28124314969186415
0.24800463004770634
0.4475635465363723
1.2940744818882024
0.8022053686827899
0.6620259240589046
2.140423326443738
1.687202994241801
1.3588354862627816
0.9496553597009552
0.20834691834710384
0.7009457307440456
0.7627873838175319
0.7504979212589316
0.09120291399198166
0.46721095565613097
0.2508291348662084
0.63759918881592
0.3147896823624399
0.6223928019915714
0.3627505306849166
1.2773423134922233
0.05242734702713392
0.7982845700408046
0.8680905933997662
0.8413643729188092
0.12180292435332873
0.5245821032157654
0.17165705169078826
0.4554475356752299
1.4079959964387658
0.6256686252845007
0.9367227439804492
0.7629465034035992
0.959825821033709
1.0510222651713939
0.9910390592469026
2.5619224381770813
0.7518390852292018
0.7221853073504096
2.687914628427908
1.1686179380688948
1.4848713308756674
1.1972203607000225
0.8767466620352053
0.6134139706164354
0.8231440496589026
1.2726130280944012
0.6215746747710487
0.8092902936410875
0.43186289918802956
0.3134955757591946
1.2467067345149687
0.7406696388906227
0.7308983518480048
0.781257436889021
0.726599169536442
0.6408712982516169
0.6014161925903032
0.9034213178942139
0.7348021326053074
0.37955230324001216
0.49434161108112207
0.9529941107960092
0.6037740202264086
0.896929257518229
1.0500594143434796
0.7402169110458015
0.6804057818870124
0.43322062360522295
0.33962927837176515
0.740392430103911
0.2923097163394921
0.2543309099665514
0.15210940329846245
0.774716350061091
0.611577094946846
0.33859117146070616
1.0690841665322974
0.3909881994623848
1.2023053893472855
0.902834234505735
0.8509861708822306
0.5257095100539644
0.8209752942099389
0.8670264572555602
0.5312889897239117
0.6598970630984449
1.4788947712383258
0.9015018956033565
0.5754655256923442
0.8029275221420475
0.736326463441145
0.8345361508960932
1.2223511890725547
0.38836488217931375
0.827970993656848
0.3484561496250187
0.13152423250256717
0.5381134557416739
0.8516974778947031
0.6868321616099955
0.49032023614249515
0.23003439678402415
0.4717461751364169
0.757025143844114
1.4665424739910828
0.2354611181482209
1.3639748671145544
0.682405688484975
1.322520124130648
1.0758890291744143
1.2520735687952644
1.2001649720619896
0.291510079624274
0.6799113862634094
0.41568156659880096
0.5191073205371328
1.649055104542903
1.832470487571106
0.5114528288114357
0.4665623151370184
1.1163619514654464
1.1269428734457083
0.745417373481736
1.177752324428985
0.3387404359614621
0.7638860068580359
0.8969089484217783
0.6494759600527473
0.5352089028454614
0.7987750647859073
0.6561841065230247
1.3945549902891887
0.7701066325093784
1.4616169392130232
0.8421721700899383
0.27808231317746746
0.6833359509032739
0.7166102979047153
1.208593313180156
0.4640305166650016
0.6243036370354549
1.854632946520967
0.6175999988526506
0.4413534471128786
0.43917401113816723
1.383455765058331
0.36989378720266863
0.8857581773632344
0.30279357632798565
0.9933333661340384
0.7458145852357934
0.7284534651433816
0.2621726083532607
0.6600905103915427
1.7341037279364961
0.9147419342477239
0.8251508049246885
0.2898033799889106
0.4635563852746145
1.4728655690730683
1.0699405614129613
0.9094697415857613
1.5296626254196628
0.5326459397585488
1.0927210299581596
1.316266757587334
0.8113496031617693
0.5056645350229374
0.9747715388714289
0.7379030116770497
0.7254126242486407
0.10293777860255915
0.5360406120678576
0.7206999145715578
0.44070984100069666
0.6494658001472118
0.8765470624518805
0.2996274334191611
0.2668877162854919
0.41501639737794704
0.3307844323088496
0.32047974463108453
0.6837525953313204
0.3193342949912541
1.5449773603264667
0.264488329271515
0.6418063713551293
0.46899820901511546
0.8701512648242442
0.24117403603056076
1.6146897924641053
0.18493727527842907
0.9765882515524176
0.2297214624886017
0.21312998007322292
0.9538171084293587
0.5573711494263218
0.493626236205408
0.5911066043866331
0.20918820348942546
0.8584330521582793
0.9064646720009719
0.5609302128410887
0.4986455003734802
0.686248156539822
0.7776221227507314
0.5013749072291276
0.7277391852989286
1.252263776256946
0.7209578219706133
1.2603257837652482
0.8079216943730764
0.7208866719985025
0.7561823762127009
0.6516677435349933
0.13670775633829635
0.6882075393687206
0.8797349444316893
0.456768298226347
1.0768154678065098
1.8817070037308987
0.6690215286126495
1.533661715330112
2.0568004472438
0.966256893451219
0.7125386412899015
1.162617145056359
0.6637194654557064
0.9466667624089986
1.529801346702726
0.7866110156975885
1.158095873247973
1.1441526699713218
1.2687522914731506
0.24470750652597673
0.7196829772701356
0.96229881557029
0.6366426750338086
0.8245060993973254
0.357910820978379
0.5275973869065442
0.8898658938881852
0.7525530647062801
0.5456728567783298
0.6742163573956503
1.1715297883054898
0.350257675714051
0.8441008736596212
1.1640107358726475
0.4978299247282614
0.647882683560687
0.8283873261122476
0.6978309167147678
0.34653356172985106
1.0409518715755577
0.6006455224830216
0.7945499337165955
0.6189883069941686
1.0022394793278453
0.9704636930328405
1.005129157581263
0.7647587976445855
1.4420802263887111
0.5845405699617388
1.290098424987951
0.7902644842301569
0.7951917966875275
1.062675175168159
0.6066217688469893
0.9872889543799683
0.5512531498193288
1.4232249962074306
0.722900096273289
0.6864533411719596
1.1276644695400044
0.7634586099550376
0.6694092588267413
0.057309393953506316
0.45107665508293415
0.3485173149191807
0.6149795400891698
1.0385993569022833
0.5425900560707575
0.6961016164368381
0.8246986824632998
0.7976703885875185
0.9040312522213387
0.669798140372194
0.8030407215708291
0.7817108945059523
0.5919777697254691
0.8378001626284597
0.6936085119366311
1.4200051128392772
0.8022624525773505
0.47225168487074143
0.16261783906279703
1.1098479646412365
0.6315048962302694
0.405578169193781
0.34579325344630263
1.0697047732108445
0.11883089683978199
0.3748238025653752
0.16284103817162787
0.09979203169823236
0.5072864194361806
0.6237145622051976
0.6329849639558986
1.0677038564566548
0.354172952122223
0.15209865303581438
0.4158134634209869
0.5763920271236742
0.3605980192716398
0.16677302842063924
0.22491332513348716
0.3273276574823729
0.3766174961790867
0.6672958995256792
0.5822343802026211
0.565930484520174
1.1365027874595803
0.30395843308834003
0.6195695895827645
0.27211085407314783
0.7728676354557938
0.9074154091883433
0.9680863926397478
0.8861117051906557
0.4563242150278022
0.5568750463960956
0.3292170039350566
0.059083842503440565
0.12043929798588238
0.7903626632443495
0.5461622892729991
0.9500383720134558
0.5021264991226163
0.47427120448917925
1.125532723572439
0.34701055436455047
0.9447807737142426
1.4851208002681298
1.0029869892488268
0.8826674460991786
0.8501287550875496
0.5838406593455598
0.48888545345931345
0.4354019186670596
0.45591713080708796
0.9745519056498271
0.8745115305338338
0.9946422020070145
0.5183895503015918
0.6989825661004337
0.4244225811112881
0.6505426622708348
0.9946624471313648
0.6015019569767095
1.2111078882374926
1.7732844421370828
0.9296289436321832
0.9460336612107678
0.9600756059689922
0.14773662609152893
0.7717470490091465
0.966472501795538
0.3007741007577298
0.06801570581325578
0.2882301560966347
0.3122097715806049
0.22880697396182903
0.35051769733361837
0.6298090427354204
0.4805808362812195
1.3302460092910664
0.15391880998914154
0.36937392365556987
0.9952816531366174
0.900708589739148
1.3241091503868332
1.270535734930121
0.5684753462677143
1.7221358072661577
1.1550940128809977
0.37255973829867095
0.96969030547483
2.2794211774254727
0.07575037997496281
0.28568065128673464
0.3778484453489005
0.1688207644253037
1.3006842006597488
0.08511554567185087
2.1099728209846647
0.7017174262104623
1.4341281555348537
0.6284292677339156
1.1381476522251237
0.5178467169397152
0.9238496670415941
0.5225308765046449
0.5878884358647589
0.6104455732896774
0.7861572955542151
0.7513579308561379
0.3554649520594495
0.9596749541753642
0.669127474949736
0.3592652020987176
0.4264374603914902
0.4382842453352917
1.0446238690285767
0.5663958447326678
0.33054428590394613
0.7224999915852184
1.0037390649106417
1.4600439943139254
0.7466099828376109
0.7420614739378948
0.909780995313815
0.5734819409683436
0.7698535587884852
1.224188720662431
0.4509441587857914
0.7563270507257442
1.2524327140909044
1.1907981849504878
0.6527525675561456
1.4326902821078669
0.549246557776442
1.112390462966303
1.5649354381586762
1.0921523569870146
0.7429900949489854
0.7720472062394803
0.7333398965840081
0.7567717134076091
0.8713207413612332
0.9583881336051618
0.5398275585786152
1.5233945359788166
1.3867097176185652
1.0596545178861874
1.2252329693201278
0.5875481053427363
0.7964464906534516
0.3579210293182875
0.744959583327572
0.5081582506730602
0.5460184405992436
0.5057128476663912
0.9072838802094942
0.5499242814982273
0.6179856921043134
1.6452010033097633
0.7867580447447988
0.40532114152729193
1.3122851972013958
0.4356279657563107
0.5375850732372207
0.7166320458542579
0.34809593593712407
0.47825003823820644
0.3349152694733686
0.8378722293410985
0.659824769537618
1.135542282457184
0.23521058348123228
0.4455710941938378
0.6634914139727179
1.1425770917152143
0.6639473457193699
0.1863000374510566
0.7091270263085079
0.9535629523699223
1.5709954892549547
0.666182175447804
0.3370764531759261
1.0369383029450874
0.5471176562148852
0.5332554936945453
0.5859811751339006
0.5216219047970689
0.647162396829825
0.39313442175482116
0.14417397672426802
0.23000137396018516
0.3096090544410318
0.5067357044241056
0.7893338164442323
0.9221159951015139
0.5652273055689723
0.5819028211449631
0.4572692827202651
0.7896752234673521
0.3978455935859593
0.8869029238464581
0.9788268011982346
0.7788647220016465
0.6802312392884424
0.2993248851955226
1.7951712316623762
1.3160396834381807
0.4885564776715299
1.4212527655940395
0.6296315345188243
1.1306493944906606
0.7343863335057907
0.3460433065220361
0.5038986265293559
0.4465514828712737
0.5488830920016099
0.6975849728189534
1.346639752251594
0.8019420865431535
0.9175142761457131
0.2993228348418242
0.36389041574071346
0.7357177078258168
1.1960157392322515
0.6041673818736573
1.1042767459500342
0.26737052095415237
0.5996934125463227
0.4522510723052866
0.8448514725129073
0.514343600531074
1.0080475030697127
0.6685188228886965
1.6539121982351102
1.1700455142111768
1.4264631507012275
1.040349807132321
0.8632618914457009
0.774629029232365
1.063153046950756
1.0032012572096214
1.2009639406662371
0.9637736719407091
1.0374693989238644
1.8590400727932437
1.0608013804532397
1.2137057800211615
2.801110684534983
1.062257415135135
0.38578621833781224
0.9752149491774205
0.632691248416849
0.5771802313649791
1.5687753577028634
1.1359028933310977
1.344425259324023
0.21843284747758673
2.7205224336818503
0.6415254410753377
1.1255148961545594
0.5992799626755634
0.6056258930405871
1.2256475469136596
0.28860445695430137
0.7669063240609534
0.7178683027468342
2.951367052255602
0.8495711237233365
2.6876994619387524
1.125257670607386
0.7071916045280284
0.6586521688145492
0.3368522493547452
0.410850394350274
0.44293136877563377
0.6383817097195799
0.12448354461545819
0.5087183875534151
0.10015946458490887
0.5386640072648508
0.6213054447193826
0.702493307669287
0.7567538198335466
0.37793296309625823
1.1970133168750277
0.6124351049755781
0.753023734264719
1.043104548930481
1.2106324736519447
0.2328279470075998
0.8715478845458833
0.8188446430324063
1.0394359976387797
0.6844069857365985
0.21945921463520612
0.4579534940330472
0.49598862805743593
0.09685399124263938
0.45906855427540627
0.2791016743385448
0.6386825347089875
0.5147586852803521
0.5061696789942628
1.2114687805286337
0.44185202371774324
0.7299627118196916
0.644524825841092
0.6500523549964115
0.7402768333315422
0.4767417382813157
1.3731602292415808
0.6942515616201774
1.1080934988263849
0.7486858182106744
0.8013639302011941
1.0029702263558136
1.312345906202932
0.6558386804179772
1.3297378346896664
0.6551868872406826
0.540636402291652
1.236620614970926
1.1102468406739305
0.8381302488930693
0.6739283059395026
0.8852477031800383
0.2720007425886628
0.5240073301466346
0.29609881056373766
0.7461615040568418
0.8612518289341473
1.0975060930411082
0.8804167382344374
0.3857708355322262
0.8385064456452523
0.7429976625672126
0.4934204103405566
0.7981418594499228
1.2048632819134373
0.9954004807769508
1.1636492520153148
0.5304982628032384
0.5149255574893736
0.9829669189567969
0.37847588872431004
0.9087554731468224
0.6834527686769277
0.7606515295415217
0.7141303879316082
1.6044500797657413
1.172073692574875
1.0284897098089338
1.4856566394697275
1.4784295420901337
0.4461543076075021
0.4687345082869925
1.1587553143320215
0.7726552100744772
1.4339856331387395
0.1876562756208049
0.5297146283500709
0.9610148113361427
0.7692326676656478
0.45109797405589447
0.7478029228231371
0.16554288181963273
0.3290866094088667
0.6575720159920074
0.48597996322859477
0.6390789537769266
1.1933150508323482
0.5455819054681157
0.8141966438073602
0.25439739721790566
0.41851085353538053
0.4146684300155581
0.38930575643924836
0.3003523730943213
0.4218888884315648
0.5532028758674971
0.751053624079546
0.5836619808597927
0.6428996377146536
0.6908267038662466
0.7208498494454663
0.5884400183680114
0.44316710139554516
0.25662621598521085
0.5371550488099632
0.3217249186342528
0.20521077137009058
1.09027093375243
0.5886086214428327
0.8255808219104637
0.3105497411608287
1.74696900612514
0.7526172403227012
0.9165526900909962
0.840103175567041
0.8304872295089609
0.6394388524180089
0.7497013628839779
0.5757090600583414
0.815671694627607
0.7976510302999952
0.5470717219361774
0.7156100695262992
0.2058176063144792
0.1750739556302392
0.26688312900174793
0.5884453775972709
0.42271691355314545
0.32434251725716656
0.4099475562436137
0.574264579487437
0.8608141833489817
0.4363502854715655
0.35098106194529954
0.36068379955481333
0.2968540970936869
0.45478395305322294
0.5474731174178622
0.3935631612691779
0.9680263738898786
0.8376381466098994
0.34919802742772177
0.33838150738759865
0.8079801267623914
0.34654514119202773
0.7382156407618841
1.0756597931228917
0.2293379552004282
0.4044835031822096
0.4156851329162645
0.5702610185593109
0.520907069900943
0.44478758632315163
1.154766668052286
0.7637485396641992
0.6617285136891482
0.9773024793882641
0.6054475443606002
0.31689278888955563
0.694740866345338
0.6454691451020871
0.10096784145092386
0.5491154130155458
0.30715442566442164
0.13027223735640803
0.32833046016552814
0.6692794098439858
1.0574089586449347
0.6639853379145961
0.7392896180645607
0.1988640716634542
0.2487617813887951
0.3197850768692483
0.5490103078827193
0.5483533628437387
0.3051729516302384
0.18089562118409752
0.37028133182881184
0.19700581091708713
0.7705127910644087
0.5836767763031865
1.5845373892907908
0.8049207358516348
1.6616951039193402
1.5535762949476535
0.6473481720899521
3.25557470245743
2.257235991970198
0.6299275438892238
1.6458972600908552
2.0999709480664706
0.7067402357305476
1.433811940588841
0.908011807428788
0.9316980849967784
1.1696312366779218
0.22476131373730723
0.07410267721650499
1.570406488607107
0.42110872352029877
0.24166451534065675
0.5132799757300393
0.8149924811307349
0.502055225810107
0.7542213561937103
0.44217976001453885
0.4522651956670837
0.9124737587383844
1.0525393077746081
0.28913326558969743
1.4240166405342958
0.8429982600099735
0.7970158807965042
0.46631390445509524
0.8680694860442255
1.6866221018330023
0.7375798367984263
0.9597303388631424
0.8210734401677398
1.1511155568575
0.18294240787662375
1.1087467812775973
1.1244322333134606
0.33966302505040247
0.7747804541715986
0.6768660646497757
1.3331458574318178
0.8195715123023767
0.409067360739589
1.4036014792898808
0.7526138331048919
0.8976226668189966
0.8033628641103858
0.3646053092286152
0.6595826417636967
0.4505366913163833
0.34657094344918304
0.7128056840428272
0.5947151611392776
0.19001955011482075
0.5346505457616562
0.7206971280438168
0.9184327228588618
0.6961006023310468
0.7900162983127927
0.7131649953803683
0.6097246902326781
0.9461811501803457
0.5184509203265897
1.2256838775949461
0.37745349099968806
0.5060965952377998
0.5492817949380857
0.5221314531543584
0.6210198777004692
0.6030036539089778
0.8002947936992353
1.3005812099173575
0.7043134122379051
0.9055470924241277
1.4154362556777897
0.5209411434480646
0.6544284065703572
0.2204719457534523
0.25830956936562544
0.20025171386519958
0.4595766900136802
0.32297944744389007
0.6302236517723472
0.5907149539139773
0.7743989847555479
0.6303091257243203
0.7956082970316771
0.6163083024460221
0.36472103441238346
0.44326522174468863
0.6495072931393757
0.6504235346716705
0.17068558563425107
0.47887591957272235
0.6721968216483667
0.7930759644148786
0.13816650684855603
0.5240038567672786
0.33401513117988557
0.668737668465198
0.21937404131828941
0.7472128707784798
0.41574703898310617
0.5721790280923003
0.5884465024800303
0.6443811228745933
0.5239819580837555
0.9235041193778611
0.49386434843263594
1.125149904826639
0.18713591156656761
0.4948325538071927
0.09837251118052848
0.38512608333039466
0.6333824535600574
0.2718316994135108
0.5037036617602801
0.6801774864419592
1.1754954156431854
0.42390166029599285
0.06675781433128947
1.181342597606525
0.9525133903756462
0.6216658946808327
1.625948913552358
1.1483646485012171
1.6130509548463667
0.6158002176518622
0.6637465825587855
0.6144552464763677
0.6407089708076974
0.44421661456965966
0.5984745930906641
0.3112192108717551
0.5486867591867355
1.79386235468826
0.43817990372102855
0.21118297233651262
0.662120143491773
2.94256833804781
0.948941428476358
0.7349025044533892
1.50226272093294
0.9439457357034655
0.4041999223934282
1.1778491930348736
0.4823969691707255
0.5028561543090841
1.360900581229
1.5749281813597324
0.7123953552449702
0.9771459390931376
2.173853178647999
2.0716994202437036
0.7976218966807576
0.9320478176161515
1.3825319932498523
1.5463417430062116
1.3114353690907166
0.8738197905465341
1.111753933836642
0.8235468721499366
0.4125677077414096
1.4684077495246974
0.6191130116763617
0.9792859360393358
0.8992663461843525
0.810950365586808
0.8034253314366708
0.8247930948411444
0.8959030491895419
0.4962253055082968
0.9090005238739973
1.2724607522717868
1.3473669941788664
1.1156873046391524
1.3146430691707032
0.7215269866161105
0.5972676505990098
0.391132822305174
0.9936321270080821
0.9341952924406265
0.4888922221182481
0.6573919292866695
0.9707162383416001
0.4199456107861259
0.6456261030304704
0.8062420418309086
0.45795520225244957
0.7189124399877027
0.5029487220564128
0.8380292161856708
0.41416205235574444
0.902996032128911
0.8305171320626563
0.5832215506446179
0.9184721018089157
0.8963021757107832
0.8665174855747324
1.219339749966828
0.5722851673353162
0.6310750746458151
0.8227568360265334
0.545405970216116
0.37307315451807455
1.4775573164054652
0.39811125515068113
0.432525493797956
0.7347344840060425
0.46598009008281355
0.2191636732818658
0.401079988213775
0.6563101148960631
0.6781197530923926
1.1407432177001082
0.725906305600537
0.544755205003252
0.46657088557739834
0.9320825653280576
0.8459060150906573
1.2264659869884973
0.3317371732221339
1.2467953324538534
1.448025601905698
1.1085557925044505
1.1608729960477326
0.7185312704697129
1.4439369038763736
0.14448466056202136
1.30082465152379
2.120199602805066
0.6760936809771229
0.58668831416296
0.6887175389643794
1.2779450729241368
0.5634302687851154
0.1801244448643165
0.8830639228600958
0.6764233581579955
0.4234169995920922
0.9872716727241553
0.8093867503758452
1.4297063060546074
3.5873508792208373
1.625861128538876
1.050118442294604
4.683813831698245
1.6471113726956226
0.8350564047885758
1.348324920092189
1.3278052377930767
2.1592287476393857
0.7953567852071746
1.5995407160033028
0.6797728142400636
0.5308520568263644
0.9708681971068884
0.3377924981092324
0.5519780593467963
1.0808680148488747
0.6615783300778251
0.8822262186163872
0.7455572238694432
0.6237055265636868
0.7634182052993577
1.1743617162040216
0.6702092874417009
0.34584607535964196
0.8820082641054547
0.9508816003554887
0.7835620927161866
0.5910351971561267
0.3962846962113531
0.5962979890609734
0.8340602169036231
0.8311191626864414
0.8362840305459596
1.234738369402944
0.40860600049679974
1.2104080553958418
0.5647086738265479
0.689218805853721
0.45540515385595626
0.7868261083749051
0.6897079704016704
0.6746589875763824
0.7031853650627287
0.37963902193375176
0.2382521411521239
0.29353890881915845
0.37112715012780484
0.3481057522561457
0.3988791270828038
0.2608292214315284
0.36241547086508064
0.3143830042128819
0.1916073294902366
0.405684234407758
0.3722686487074961
0.16989495257878673
0.2366982589005202
0.7086663694151696
0.41336309623080325
0.1543549359637808
0.9158572959783093
0.6304046547886379
0.1705084087211013
0.3710529073553407
0.5965390186590529
0.39059378139132894
0.5361270171509753
0.6201445440671588
0.3053835794540216
0.8639227707219727
0.6092916076543915
0.369297636066932
0.6755147813070483
1.0734056066667155
0.22028415536524193
1.606279554598835
1.208434118383811
0.5784894700579741
0.8517858383587988
0.6413812506254585
0.9898752773263766
0.19891366237082586
1.1534212842073248
1.3010368144959745
0.8228221965485458
0.6667901400811509
0.3241615889611609
0.8309405977448776
0.37743313422106084
0.5128101901703275
0.3857659610830867
0.9321946702472346
0.3825008600278075
0.22818813447619965
0.9234471851504189
1.6806132664159832
0.4666324694789239
0.42170273666538627
1.1906782215519496
0.47791654110219994
0.739239480625006
0.5736609113029498
0.7426469210927706
0.4493094488163507
0.30543346719543507
0.6792158891114315
0.6046057509069396
0.4512960451791841
0.7019985036404357
0.6189568055469479
0.22181770232619513
1.3627583434011044
0.43755085871562616
0.8569841677789658
0.40666760232641863
0.769141640295223
0.37865560037878865
0.9618735252937338
1.062196526184307
0.15875337580316895
0.5217718835059699
0.48765225348941144
0.18870173331832873
0.367965590034661
0.8136986599091145
0.4529845865906328
2.0744528838847813
1.8706404597634325
0.864766155168971
0.8110594375287288
1.8453701008781245
