69.62025316455697
69.62025316455697
69.62025316455697
69.62025316455697
69.62025316455697
69.62025316455697
69.62025316455697
69.62025316455697
69.62025316455697
69.62025316455697
69.62025316455697
69.62025316455697
69.62025316455697
69.62025316455697
73.26478149100257
59.980573093734826
63.77041972469307
62.07470287764865
71.64465206865951
59.12488716845148
65.98367928447296
74.59239490429187
76.08861953448394
77.60999092584981
79.60623922649098
81.92992862977033
84.3922768141493
85.52985289806736
86.298062161323
83.73343972799736
90.15051759833376
64.06046747480711
55.360880227635555
66.51173256467104
55.26722732487181
48.907037281683365
40.227004234230556
36.23177063944444
40.150920064381644
43.17330008785373
66.93534980842666
63.61708236803727
46.86319286441156
41.78436384905753
41.78436384905753
44.199741250183266
41.54770742411889
34.90265518471233
30.3240218420742
25.958274332028726
36.505866347236235
39.48970425857794
35.626138727050964
33.13259760191455
31.240371042041083
42.58984055518055
44.920956221169206
38.59254815007902
50.16509580325366
40.48206791881402
34.83894242751648
26.359429184897465
38.276674645713896
30.508398868522757
29.143471268189536
34.75681944422856
43.974984964904735
41.00399657403357
37.363193692404636
39.82903897497465
39.829038974974644
42.825668974241324
60.045282763068556
66.93878974095608
68.33942899682165
69.81495633952959
74.00806645843593
75.93656778672597
56.56592122954562
49.30922066934518
37.335141011348604
43.43140741134105
41.56512707246121
41.56512707246121
48.87694838607194
65.03235097737063
62.197489822980614
60.671659903932365
59.00155170170025
64.62020188211596
32.629841444043684
47.96948158734226
46.44424427036776
54.033126054728584
60.492610751449725
59.4220630412095
52.93636171621823
44.525228003092835
40.40939110721568
32.72940117139641
29.762686991940285
29.762686991940278
52.629350186612136
51.65906509292177
50.58303566780673
41.5874351912182
44.1348610091189
35.986116945948034
35.986116945948034
27.672304372644916
41.78095662599943
49.70507590820786
32.786631167994464
31.1889091975527
28.516531891247237
26.426400912413317
24.85018539440128
20.21316893675084
17.90068930558132
14.942045229526697
13.256609903158944
28.718878878852692
39.85268152591196
46.30425327089166
58.99247445213729
35.658683328082205
46.508841831314044
48.391688555705706
42.11929378696333
35.79287713141225
48.21873601510017
50.66677380743597
51.330501981458745
58.42921407593078
61.38329972629699
56.731638467791555
55.756577304042764
52.62564875545085
61.71994235424204
59.33054039026759
52.31930095345082
58.040588666090976
54.28280830050405
38.13799531172408
42.759989475935576
51.17782488281565
54.9961127208049
56.939025501397865
56.939025501397865
69.91020736707937
72.46253429712428
69.08189183902343
56.84233877941236
48.21731468866201
43.832103173528544
41.64691771543687
32.34419211270653
25.19980320786394
50.45483659445866
42.22909770225211
55.82663661509394
57.739493649459604
62.152039382640126
67.22831982851659
61.905883758306835
50.77420895342738
50.77420895342738
61.52131254822125
52.13952355945851
65.49618177650785
62.74119169671448
65.00576901981326
57.00956569256448
43.21045273014013
34.19166754946405
35.11090963100128
27.912775654637954
26.727327516035515
22.97454716418387
18.013328150734715
41.259131223235926
36.80015563025325
52.273813897129294
52.273813897129294
55.61275600340287
56.77582511554101
69.94966896169355
74.31093038325062
82.04328945133432
71.07265891398768
78.05579176556729
68.76857160054386
70.77469468666453
60.659086110050175
54.650593369556255
51.69634227552717
62.5865267881317
46.90017205757792
55.1810454483772
58.73248257125135
60.69277672925433
58.041715239009385
58.46043422043945
54.09982907887165
58.21031941176439
72.44607907180958
63.13946569452106
59.60543323624181
76.38313500620939
76.5533875431606
78.84135791575201
83.43300553427379
77.9438793538753
74.18928387987114
75.54833999822944
79.83607845079784
58.03043221807893
61.45650687236049
53.24915959809139
43.55478929259107
53.96828598539724
60.56417021721121
62.53506796464394
51.85541583792676
46.04812814117195
43.25353409469177
42.50935211388265
42.50935211388265
41.55742864636612
51.04442756048202
43.44882466576122
37.081973978024386
37.081973978024386
42.67394023615251
34.98578415265399
35.874467574854485
31.855117324741656
31.34854013635594
44.57056897274004
44.57056897274004
66.01873929543565
61.71349403360755
67.56997918619004
68.49668984357618
70.89575061116533
76.30830676552257
63.692376830523955
52.097655232479866
60.89772350918325
44.999905322153964
50.38060038805191
44.27248879914682
48.22328467297798
53.88207808375158
53.137524329841604
45.83030163607088
62.07700695938384
63.926453820186644
53.40780549115857
61.714897015141176
67.9049344942351
72.95109494147796
77.33664117721968
52.69261459325533
55.165358981852386
66.33307432173964
65.1974229470938
60.422957223612414
57.97365193675644
55.38324925203138
57.57075802005175
65.79473154078623
69.41593654059518
65.00451050522004
50.26210413433909
50.26210413433909
43.669342723906645
55.72968683520766
71.16406014933622
65.73936660976189
61.67113559937274
65.00307168360627
73.60690963385844
67.02549307074406
55.03813444091248
51.1493327293834
46.29652722297311
53.628965963388794
67.98434679332614
64.85380444854194
58.06636622427014
58.52171735613858
61.421891086645
58.28693738130911
44.026503470725594
50.9499014810045
55.56236561216386
59.91202404109322
41.67367168052644
41.67367168052644
31.101568929503408
46.23435893184067
49.79679481242636
56.45501662771388
52.98035288717845
51.755198352034185
43.12510719529157
38.22239950114585
37.72750592572366
42.85030088904911
45.43973631639979
52.11552399548561
66.36241322615788
60.32239069667932
61.478242987162425
67.02085134842417
76.41725412736496
71.51890527170355
53.36342574614934
50.16886454407409
62.576758158070156
53.594558996739195
39.21359875532785
50.16377719755499
42.87267656330385
58.94007879486418
52.09685374080365
49.744795887694764
49.744795887694764
49.25139536396002
40.45465186344328
44.65669787637708
44.143214034059774
44.143214034059774
39.87066097199607
35.8652649293309
32.139779811713694
31.07561620807276
41.186774764357786
45.30174668025775
40.40843302160814
46.015360907842414
37.80647446802913
31.352817268325012
36.366249316521944
30.570098500746912
24.153907148647058
24.153907148647058
34.07344329184813
32.00364190050316
39.115983430147644
32.13488036381096
54.1607132504929
48.15021341966855
42.00339403176633
37.207802182994875
29.44883591868972
31.79331652919355
30.064173582491215
30.064173582491215
25.71887494657974
19.28616311149378
42.00199542045336
48.1993738521623
57.23768495753351
54.494874186405575
45.309050861295304
57.948945812858454
61.00725117431012
66.61107305561185
64.47283935740585
68.54989626310966
69.69636155543358
71.49482535793004
58.208123838118055
78.73128466295556
81.91874244447493
86.44068130537718
74.49766284682877
48.98670062391031
54.16151000271502
42.17345100118794
52.22218621097197
47.15683133474876
46.124394690868485
42.542076706145124
49.35051703905759
40.79755847775723
49.190981935516156
53.21876016585079
38.96312845934209
41.667530427005026
36.9455032752283
42.46282821333292
39.899339185201946
48.15413803328033
47.681848570694406
31.831658054077717
36.275638243271366
43.68829689065202
42.86636648553847
47.9508196030869
55.55678771641974
47.0878969735629
44.63455258133804
40.71800338384558
35.34948271713428
43.88611201790594
38.50805559013455
47.31254268709045
32.18079993770969
32.85053250247016
40.92774414030982
40.92774414030982
46.626133362433634
47.358543539353114
48.17904437620575
44.945733229123555
57.334881457782195
62.52459551565113
72.96084043158743
67.08214014208612
67.58441565139532
57.4668563662889
61.46104262332732
65.78615512668604
52.25330890149261
59.17484319087251
59.17484319087251
58.05439947442971
62.915598093999606
52.404165195685884
44.738039651992636
50.011636910319446
56.68833175283632
44.84146470852303
50.7762187033565
54.53881317734898
48.1665053840144
45.12475330515352
56.69486201116087
49.09430635353322
55.053634948608575
59.60107933311225
62.24555781037934
54.07674867316749
69.98457483233523
59.749649238585725
57.59008813171755
59.28794497280636
60.20703470253939
62.17747512349906
63.22796666763172
47.88285675305094
45.34333382418193
61.73491144905087
54.944560845318115
43.82145510406589
50.72716133668376
42.65961937482131
34.064478133188416
40.366128093022624
34.96758675568111
32.79846477899603
42.41564039985369
43.7427199289185
53.61107206686295
63.71051313642041
70.45719147503802
72.24344810262482
64.71828790846573
73.11852631322775
59.32753450949122
61.60632417181051
42.413046185043825
42.413046185043825
56.88875558051849
62.06636392433712
72.53340730889964
54.41965587007799
50.61495513703422
36.06722225626688
40.659148735909426
33.19265350384397
25.29434233595207
22.831639931247217
21.10714014553587
20.016831881850315
24.515907130861375
32.412039301868745
48.86929419801608
50.039024190860225
40.00657954850155
50.294853607992266
39.312808978399296
39.943269657179016
49.6080133068482
46.88730575983776
49.44658917795863
64.67003257339809
54.31968745794544
57.9720890772501
56.033540454351005
56.033540454351005
62.67954303060898
59.23565624079615
60.48812973354618
63.10416353459733
52.98476516375488
64.23480586391194
64.80638756473849
67.77734833487845
76.14299331160723
61.75463754000905
72.77764559708369
56.23425027236261
60.30798183332401
60.776056021198684
72.93085722876434
74.0553046034113
79.27136437775235
62.117048091481266
62.49166960236258
66.6744649916818
63.69420585681712
69.2457692996856
71.06880674089766
64.85823231335492
57.41486469161829
52.75745102581473
54.18679831803102
48.28683716627592
40.325623131604814
41.34011132329858
43.55456122437024
40.88333825279646
36.57013683221438
25.00388970380549
23.64163311845578
22.243336885154342
15.052535188870014
25.62173301565927
28.198717029410226
25.63651928405326
19.502525719509713
32.015262986856285
45.66001202009527
48.229111236750185
60.45388298790083
55.96880343777936
50.75500783740709
43.70795354141709
40.80270643177447
51.11350115579214
65.12955324524738
67.10794800557707
69.1288976218714
55.385945249222665
40.22657464355698
28.770287907047454
33.304760852172
29.352063154364505
23.500740513084544
34.756213291388406
32.89472859443434
45.656384933860664
55.009174815757035
50.54787940432104
47.75487580432999
44.89272551493584
50.382761526970924
44.0528429739032
60.205531027876034
52.14099597962495
63.44172657081888
67.5253288026378
66.80777997885845
67.60224997770564
66.68145241083224
62.737444862154625
67.2126858893834
71.6348011709637
68.10206541235335
50.768717797373085
49.953703445957984
48.16920393786349
54.703901452439055
57.36219865004739
60.893079022185624
50.118165513282634
40.10922309699127
29.12651803658769
26.77653437180555
22.224732031501038
17.054845962364922
51.05608791125638
54.93186315365662
44.717231160211156
37.145776172450276
22.128428115145322
31.77282677356909
56.979057116677566
39.517221264728875
43.94770006012017
40.030079534829795
31.724131511728558
31.32239723917477
31.984935410339148
32.73369305352771
25.08605031914137
24.945949942907063
24.628537795455724
16.590565152160195
12.25521270660011
12.021364943823464
24.490174769768693
24.899545697825857
28.050118796177927
24.64208212483489
19.03746575487989
15.783056552951063
23.963751143603435
24.899031130540894
36.597262954381684
39.12224961687287
42.21984359590589
37.50182715900759
42.44895036047011
57.276863602512904
66.04341918763565
56.34184638757591
61.74521966661482
63.31679790341852
64.16610016403527
65.09846832593205
51.250604906092036
47.776070939769504
50.670188648716504
38.39476321510872
35.731284107702244
38.20444543047658
42.65994954983937
34.46726396456356
34.46726396456356
37.655356410198344
39.357391047745374
26.4452846023027
35.84602057341173
53.95369749467083
52.877388283336735
56.3906567813072
68.1377329273223
52.816203993583265
52.33128886625431
57.707661924573415
49.633638269239924
43.54162092500032
44.74551182136738
45.41699338109992
31.65638909501255
50.99782586021685
52.760750134432364
48.71620522416193
51.402774829755884
55.19440632445326
47.2883168508749
52.154640831020515
52.154640831020515
65.0440348738578
52.19876636545726
55.40756495066904
45.922405775543
46.58187138541188
59.20911380405421
49.92474850807839
49.329731935824064
60.25976566245935
60.25976566245935
60.25976566245935
52.44010218391738
31.804440783782624
27.3470855369773
28.17669697145905
24.896446814153695
22.480633739378835
26.590217227974232
44.43452905700558
48.55695088840148
40.959880954782044
46.19053487279767
54.21416677605445
61.86825843613415
52.47019378584359
40.89216778522978
53.780658292621695
52.62923723868869
54.85948183085302
59.77600150936521
67.1216015251074
57.30992632408321
63.47112310017033
55.01442960688839
52.9782777783814
59.83867786583777
66.03329349432944
70.12346189869344
73.44421992095253
63.49191910648746
57.009215774926666
57.009215774926666
63.77928650312317
40.84142711287466
40.34896298986727
40.34896298986727
37.35090112980227
42.29796218112905
38.1290947170419
46.27536411083189
40.17231257448599
33.75201922089358
34.9515540735141
28.42014229277392
35.95278388277423
35.23962803922003
31.620988873146654
30.889014430396045
26.02346830285641
25.36488560419793
23.965280373427195
39.398709149345336
37.21945255124097
51.227104351576735
36.57842015841331
31.398473842494194
32.96328842143107
21.22953792457271
26.944920907754266
22.67384290924946
78.15797870420847
69.83247990545922
76.17670727264957
64.53275010536113
63.75723937452678
53.39239105559912
52.3404722634166
58.33861504565216
49.94124293202699
51.049875331626595
43.30383414264651
39.66613867333951
36.16112417645903
42.55095253729988
48.939459633221844
44.14643732764072
47.38931600001538
55.36350530365088
56.31842919761858
59.33018681326071
62.327257037816366
58.20307938222462
69.06701012569178
71.31152019854059
71.70632791436152
72.57722609128461
79.49551201201442
80.10512285994082
74.96204514802058
75.41732646077395
72.3800940989402
77.15676130200863
81.63570109995474
86.1826298064031
66.11412942515548
52.769730338953366
59.288200041930374
44.47818906730544
40.42542122588924
49.118366528524476
46.699124858270096
35.19742595488508
33.939374479137776
33.939374479137776
30.11754253814737
41.5159539478407
35.40750641788782
28.395522712937442
25.483934534072983
23.72927645678868
20.198877112599245
32.78622152894266
50.72308572613578
52.54944990709026
55.70649361465818
54.046839660135326
37.3537377049738
27.539264630663435
42.33244902793151
47.401216503645315
44.399267478618896
44.399267478618896
43.18552490059345
32.0612478657616
42.86739509996714
42.31271311715463
39.928174715593784
46.84145880929746
42.59895988081498
36.27988022197339
42.214251760995204
33.751432717740016
32.67179314116802
26.35013870288596
25.47513707473662
21.041052168981423
31.104029739143524
38.958330301348695
36.87926978555448
40.54057081455632
34.40084265219838
48.02458484101087
46.18020376678849
47.346824045550825
55.19178924306644
62.549800363935226
69.1300103204805
69.1300103204805
74.98233268376075
77.19904894431598
66.93424151591798
63.67772669652763
64.66941113764398
66.7634934535446
60.55181191245759
65.4913341156832
45.688290254452546
53.75554369297967
64.03019267875524
49.94557847596427
42.16279802386721
46.93343751592989
48.16672934238356
36.44050013484822
47.50092990449667
57.845903741381846
52.42760405124154
54.39899485189269
49.6508666501797
55.28057264430926
50.10873321681038
35.669391969818875
48.28013490579456
51.28524257805629
54.34600319569686
57.43202982189928
50.8251529211277
57.58169535858724
63.386304286812475
67.64370999986382
76.47962679081658
63.59730875514074
65.10444914322203
62.136118711121505
64.02849745658652
60.53745600988027
72.60268645306486
61.716628406142426
72.07083859047026
76.05603319950748
67.69675703896262
60.077778120570215
70.81576373023593
74.93419045888875
77.38870237774762
77.80663211934177
79.14118730669489
80.06337964984021
76.17735353076804
74.10233676043825
69.71976014595154
71.65411247174725
72.66166174215026
69.79897906256343
75.3921644197691
62.118106625241275
70.50651443532988
79.99770814878511
80.55316237927906
75.70191640479966
73.15999409144801
57.55158511579178
55.596427705358145
42.32403095007869
47.723917973577194
46.06513793152221
41.11800167383402
37.98040086564968
52.59034189095541
41.350744639046475
48.59450623255316
40.03610519166341
51.5279883127497
69.09898723141978
63.222565998799375
64.10317909705252
54.987899338737925
57.32200796692787
42.17963966813104
48.695403721471905
62.38871926237972
66.77403677189733
57.715283153538024
58.6401717175742
55.82248286199471
47.86171093328048
57.242599371970904
61.263517987268465
52.68792349914396
66.29677956356336
55.28714440161887
57.971563855084305
57.971563855084305
61.08228523786616
57.7919375865918
62.45868116117654
57.00441662445447
69.35547511856808
71.70049778269781
59.451941879697166
61.613755296178965
58.04310985697293
54.40515734725325
38.92320970091927
23.9255823691844
25.502767461644314
22.30178813079171
29.1430276816062
24.74380269751965
21.073325816682363
20.570349443392207
16.85653147747518
14.257668329495548
18.404907633384955
16.983163144110165
16.030598835307924
18.66258733927549
18.662587339275483
14.925461207700014
14.925461207700014
18.544800339803935
25.826860142399475
43.355935212495204
43.355935212495204
60.0961679390894
67.10658650830833
68.38819830517642
62.746439189629136
62.746439189629136
49.22910284294038
35.22117802371123
52.694161170467225
27.74676834269466
24.640506193552834
24.121202621867262
32.34697715947997
37.0699312694024
43.17324912729203
51.341123111601426
48.65157240604349
43.40439248650358
42.09477290189942
38.11401852484155
38.11401852484155
47.009505582927886
45.137931519996535
27.470737071843594
25.8058169045697
23.355861604009664
49.28277116413688
51.96139693571224
61.37634265819282
58.09212000732378
59.347111848589385
55.51090991852013
57.110365298926766
47.29976653839665
35.91101445451283
38.06197485841514
35.325945720587384
33.91927057039318
32.42927438615528
57.984412973409086
64.44858888370834
68.86963314695778
78.23757925239843
65.0599175479559
61.63738925245508
48.413470428344816
44.72306444765679
46.29751478508338
46.29751478508338
43.033741916337995
51.004448176308706
41.060801214232235
54.65981887061066
51.24886771897296
59.908980919981346
61.233305058770725
65.21122055199903
54.463859354308795
47.2722845688936
52.67950458849615
62.917755924898636
53.39622226112475
59.108445794910516
67.22112152697197
61.21543624379394
43.34300217119713
43.34300217119713
56.131798283993604
32.03119252486856
30.85533729432562
27.90082557446138
44.93547661663339
38.87890529612683
47.10510337512002
49.08192695973095
54.03700374090832
42.56602087851804
41.71456192129203
38.18886249139938
38.188862491399384
42.99940507814326
39.45624341177162
47.73781468195658
44.902987956535796
48.43610181423497
45.09917923380438
47.19786000150691
49.42845967327566
80.96871067571752
52.22769291569741
49.8708662422837
65.8664144717926
51.75232328395646
52.34150214578088
51.614244603373095
51.614244603373095
51.614244603373095
52.62543060205596
55.82134523971425
48.30180694353682
49.60724314362851
36.75616349946394
46.146352743204446
49.8299472503862
60.279506694879515
50.55898331519607
49.40979569848095
45.80581557592122
52.47251424297084
44.8357147088033
46.337631962150674
47.97208460811701
47.97208460811701
46.10259235831291
31.802377259999563
34.158850617309945
26.705655551790773
37.87713271769787
45.53944880495655
62.762778282475516
62.76277828247553
58.94455577804448
63.99877682599511
63.99877682599511
75.183984207024
58.13306682903858
66.03376111842326
35.81492369894875
50.2273632969342
43.584776379069226
41.07746431321449
57.860267457833295
54.855571893302425
56.16874463588331
45.48284137098083
46.32445518101807
49.89449440124042
48.050693196641554
58.63366560298111
54.373360211998964
57.07257645915371
51.242838568467555
54.46305179345602
40.94258983619653
32.95511314044518
27.356825430806843
20.2220780428066
37.05836460960251
46.084428650734615
46.88342659129385
44.59575273854786
44.59575273854786
47.975458102150625
49.168069720731594
51.72204974743916
61.710917712649135
61.710917712649135
52.13647194688985
56.06874078249704
47.13281116324274
52.906300794520334
54.34454541773665
57.35036671519115
72.15646893921289
75.01583728018217
72.8575547264545
75.31589443272966
77.65144989340398
74.92482631220227
75.90120621014755
59.78489902396651
69.68708715493189
67.29709621389449
64.73536562019771
62.011670654392624
48.02327783460609
44.18939289637683
50.964786250562554
55.15281454628735
52.56282424517076
62.67506551139884
54.614981863023225
45.5942552342247
33.01155998527589
31.74788253254749
44.09437526230284
55.29232911597779
63.685265770434505
53.94729941546057
43.26150389757737
43.26150389757737
45.32143197043835
56.30422581191541
36.54268376333092
38.3266923950336
32.082423760487124
32.082423760487124
28.943393486815356
26.91748657516344
20.98544515895972
42.04006576832973
32.15400450441998
24.762996156066396
28.224235781902696
26.142673812308487
26.142673812308487
21.269635741829607
20.038262467666367
17.676655260088143
27.53140006688882
29.9502928282602
26.848223754910016
25.81966832285364
24.726655086747083
37.02983776319141
35.36256032234471
33.6161283837807
20.66360019513415
29.242926587651187
29.242926587651187
29.242926587651187
49.008158138362745
56.93910368841109
75.57123697621631
83.38057814910054
77.98691476983166
66.4194337146348
67.98492771108012
57.21340425554533
64.60792977560395
60.11273763573287
60.11273763573286
56.616431279030934
42.391757725546
56.32064992232405
63.68822598660325
74.31211716315751
75.75640391128249
74.15286428049379
74.76909186640579
76.08486051297965
58.48812017895932
71.44320516191843
76.83961888473515
78.13958110979907
71.92842789385645
74.81570747018347
76.48979325568061
64.87866209227585
69.46320108013579
70.92302505923539
63.876193158685325
68.4040801931268
59.76101230886621
65.75260887347703
58.995358528625694
63.34217783075897
69.80545785043003
35.63194404897161
49.470710935355264
46.58181860271509
42.3059547270295
40.86328358519632
49.75906282410264
60.44013837607742
57.42175207881951
57.42175207881951
58.34494328613995
44.87328902312841
42.07114802079664
23.4696173382561
23.4696173382561
23.4696173382561
29.29103268061588
60.00581781898953
53.155041044424536
47.583237107935865
47.583237107935865
49.3503474188343
61.371354184854
60.338622068659035
58.08308707226757
61.41187241117271
63.102363771246694
44.13798609769628
37.29181187125079
36.564697356612434
54.84896145251924
51.96836652249821
54.71270736143368
52.409274860098854
47.76834132600035
56.6308387731411
67.098310145363
64.34162397613086
68.11981951945508
64.94390246905743
64.94390246905743
46.27400534852715
50.09415818011775
51.422643628837804
41.27940320372218
52.166301960068814
43.94119512037157
50.38817836769367
54.046879010256724
64.20094383697766
65.0909856558169
76.07322476667598
54.01508798224124
44.16441078987063
38.73106784137118
36.16426654442485
36.16426654442485
36.16426654442485
31.37325384663061
34.70049443534437
33.75629553779564
47.054543263543934
42.17053056806887
31.722702795059742
25.17915459652657
18.55485625982492
32.26307075778635
27.01632645573361
37.5609463093987
41.86805148652124
47.12834513136673
60.98017736463518
62.956321705646054
58.40565611237476
53.90942923861726
58.51556189857865
58.51556189857865
56.998805216132254
52.30567593817595
58.82531699410548
38.290992062241656
51.048685984738526
60.47677887713249
65.975878939179
71.18087606405503
55.846586916362384
55.846586916362384
63.35406257642839
58.74405664192047
64.6757403581398
68.58454518150246
77.9632840348309
68.52184796648129
70.57748147401051
66.80230648256489
71.49394634815191
61.4702154521587
55.825752361119626
65.9323686844239
63.536251398067044
60.97920245600683
53.522858799281224
56.585505073766626
56.585505073766626
52.021596624298304
52.021596624298304
53.67957485133596
57.10064293590796
63.34761203702291
43.32761658418375
43.32761658418375
67.17991254569682
60.948636340384965
48.08333260509905
54.70284678233776
36.10952355287521
34.19375201953375
26.59589311582057
37.95780665962899
35.42692152617224
33.494280693383466
38.64375780561683
41.267380733279744
38.42369891778059
40.013540950075445
36.73077700679664
36.73077700679664
46.4747474404773
41.99698800303502
36.57547680343796
26.65106629206091
32.948881482563095
27.500006892296337
43.63344116522458
54.107715027335665
56.44253252430966
54.83309569938981
54.83309569938981
65.3549899800935
74.70416410638718
70.70152393820607
71.58002706159003
74.25243973843855
62.88143227124415
46.461835656856906
48.02772018479253
52.80580645876025
51.002376483271185
62.746540488061676
51.967335906709124
44.60017505037587
49.551455196545554
56.9504740948018
63.18125378125053
71.69103546502342
73.2748522144529
74.11049861063108
76.63899907218207
76.63899907218207
73.45526461874823
57.048281338896004
57.04828133889601
39.450850953573806
58.93754738668938
71.34983837437194
62.07149595189966
69.03971138475225
74.45487717130868
69.76186691849938
77.00798478463831
77.94612940393502
79.8440335839611
82.06958540785101
87.02773031924768
89.30306328169408
90.79364148644625
65.70382378254621
68.35879262214549
71.87577528961245
76.23072363233237
64.6752337329267
68.52844220911318
58.08472682114266
50.921289647146516
60.13875711052052
55.51196849941139
51.83107446412921
53.60586726728045
51.41982188005232
52.53649123932441
57.08891698174477
63.19821220813673
64.17895812041098
68.95241806731521
75.08251298811501
69.1729559760559
75.1830489456543
71.17996242074732
71.17996242074733
68.74343073470192
44.266192315165945
55.910820222063684
58.15268734299489
48.24549554258989
48.24549554258989
56.66957987049044
50.363659558249005
64.97779763244134
65.86970159107486
52.093020775270645
52.093020775270645
54.884703240713996
48.378897373382756
53.181497903512955
68.80764816512047
63.56229006250553
67.38713651275403
68.34562004799038
79.92098946719773
86.35545716044379
80.11870434641641
80.91395247540947
80.91395247540947
81.87897309065887
85.3076064161992
87.94041112485803
74.46783149154076
56.06300080302265
45.16468588836774
52.85530118256803
39.93140984005477
39.23948962315477
42.6777126879006
37.03543137124127
38.378310936965754
30.202596624981616
28.9105407865512
26.917522638898696
18.554279728823857
17.110928037209227
12.801882549708733
14.458944579373789
25.84147198418785
23.757134606340163
35.72161000493433
39.808639619528606
39.808639619528606
56.853430021202975
49.870011138248074
55.165329381776274
50.26425183489675
49.00827200828208
32.88836447932723
32.17016444341729
25.18866272961788
32.833583236571364
27.085065692852915
28.685799058745697
27.97711391832526
24.486998140387918
22.54031172643223
36.19650386134169
31.604311440641723
37.12660537110343
44.07356211611254
50.397391033280016
48.805477641352546
50.60573988367329
42.07062857170227
51.507570096369356
51.507570096369356
40.870549810712696
53.73279736478723
59.53627998573487
59.53627998573487
61.1579174706219
62.87466433750446
66.31081475719078
57.155033149424824
57.155033149424824
57.155033149424824
34.92899279935793
34.92899279935793
38.468620409079875
34.17822383565499
17.39206859374132
36.56462051338901
47.174510396246546
54.49303978712658
49.723854109579676
43.82327461301788
60.180105106920045
58.54113683729392
53.497749983569655
60.107030062515236
69.19912004771973
70.07355573135321
71.02278114140891
74.72315050876806
67.28730002799675
62.502850824135095
44.32134978335133
47.8238626232672
63.653038530750784
64.68326703736797
66.85150605900677
67.98545091424688
73.26225349086721
80.08108017623525
51.47173249246691
58.513502405365145
65.86226367769268
61.66132019972345
66.580453977303
64.97717549079992
70.67980342831035
48.534794748314354
50.63438271406977
46.27757070454756
50.0006064675604
42.13840222869172
51.024235846186116
43.343848377913694
53.6860075531306
48.062052267828314
41.97385444000554
36.6212245663468
35.744635812799885
33.873517572645135
31.059516774352105
23.53859453616028
31.224866448625686
25.956201715591742
40.78003430238843
43.67160985934998
33.34046152739341
36.49227956836416
29.95525949130379
31.719403569616833
38.82998340511573
46.81786148392521
44.15654911352662
37.93606141686227
30.903508081221787
26.115449854082325
30.2706677195275
38.28077826344477
43.86153049566444
38.50508131622162
46.100103473890584
21.906186031568392
36.735798000698836
57.1013691420706
46.47763642787392
37.43644534204772
41.79150992491485
40.701793779964355
39.512982169052925
35.884875145821475
33.517492551146724
37.10804500674187
34.931257614695205
25.666074235298936
29.7001440655446
28.50997192700065
34.56146695655238
41.68149224084949
37.87728063446379
31.983048686292925
27.717255699690966
38.71983568028654
53.7918605687466
51.54154381124816
47.003819179490975
39.90905292090279
30.733242362670122
24.721424050098108
17.03264399390651
15.287094491751823
14.0964560178924
13.6073136783044
22.871539640992864
20.353207914443527
19.137522618025482
39.860992081481264
36.2844553976247
33.50911986976065
30.791586653732228
25.436162675792605
22.88473596252032
19.309043529525727
25.981312433311654
23.71833233722458
42.499498299773926
34.87773871298471
27.043311424042717
50.74953915461199
53.43542489200528
45.55276825682546
43.53194696087809
35.629034168075854
49.47038716663557
42.09768103196148
41.502941031783045
41.502941031783045
49.97175455698226
35.02130874063506
34.503449028027475
29.910479666606104
27.1322189456289
24.505786835288312
33.20924623026823
46.440670489136615
49.9600921101213
40.70200729051435
36.770857487538265
40.10811456060394
30.274793925887433
28.27511508884717
12.850286765958502
12.723165418201255
15.612854565797774
11.618185114112922
17.901864407272516
32.85319702893025
41.85593017722895
39.253390642746304
39.2533906427463
28.035868915461194
25.173573104152315
20.973408279040395
19.43292604620499
18.116876828309618
13.027092826061033
11.00546978051778
8.49893294459787
18.449041181072978
31.644122198724155
34.692266459226886
36.00926308423727
28.149352404420313
23.266244461645318
32.69627243970774
47.14935423464036
56.02727978119937
61.46000854652029
60.38400299947485
65.89552074739366
55.815609251081085
58.27070547940614
51.64805923510245
61.36012278829859
64.5730029459932
57.7957628495932
62.35467146176126
59.01144127525699
43.03665785852641
35.31509687689924
39.49066524072842
36.03936912552733
49.144921616941026
54.31106425897766
58.7107740235026
49.848711445031945
45.855465798531505
57.98999111532209
50.65460414152905
47.672588981478
49.39141924087759
55.067992157972704
25.437876925628238
38.9207684048267
42.659499105559675
37.612181331456604
33.09419763469978
30.22765591874229
32.309269705249164
35.632952697820805
47.11778210927917
45.885589491740284
43.27403519686725
53.875589131108704
64.17588592094862
68.52117394533697
70.45109351828596
56.69929628638286
57.88497415333844
65.2124200946538
55.23301371445078
48.98609359488301
56.79329554995726
52.18568140978385
61.08946027305719
59.919054203179336
57.995931601076755
43.099074541178084
42.20559015000996
46.07527939377909
38.204444756514654
38.95644939829184
37.892324910274745
32.733780772213386
24.908480165591556
24.569619467163438
24.18990594867565
26.800524968165618
23.52843355845437
32.97105191771873
23.432367459308583
21.29936437269669
16.414534320771356
14.203580648734427
12.809959351394816
9.79885539545789
7.708213536103448
5.879806530092468
5.172027235183635
30.212427392307127
26.789491020771294
30.29423626563794
29.63935926530018
33.76932838438766
43.68578095718234
35.2530078188171
33.59043259953904
51.43061858439319
53.047696793367784
40.57709749782853
38.82202278613871
45.60834976565824
51.78016976537152
56.35193485079595
54.85177737805634
57.46486365495704
55.60804856369902
66.76128518533112
66.76128518533112
52.208333762726056
50.514279951916016
46.9952781039653
68.12978667484559
70.96348783940334
76.47909117974486
72.50615691099611
78.59926483205628
63.964502491179445
73.13222788003144
74.77755995769438
75.63825291625415
69.27388352008934
75.41227529735848
58.25393016121223
51.75557758898213
52.31356972010089
48.43526606073553
39.9020850307962
30.42018113970053
30.06180826494792
27.449888311198706
38.08980123575269
36.056019156349436
33.47785121099037
39.47063613072012
46.01718811532573
37.907521301046465
29.822024639988488
42.97848962461482
34.920970955881735
49.84046983146669
57.5047301561138
58.9521196819042
60.504301320869466
50.268880410543645
58.39076939034322
55.40759935255261
58.467975654254
61.51550356587172
60.49118606167042
60.49118606167042
63.70929826099372
71.16253437755987
72.91312612031136
76.71824472170981
85.67457954137357
87.15300165995117
82.92117710959566
83.23428501672949
73.859877276112
75.94399275682919
81.48088089852476
84.35701368697676
84.35701368697676
87.27946502732516
71.80164113227508
68.97876924287681
73.22920974030558
50.44359286675051
45.53873357028587
60.89457205932756
47.04635175615258
49.15301979725175
39.48604669590484
33.33902821788157
38.442412370235765
48.33142846525501
42.30004579606953
31.436332889893897
33.8853567758354
37.329256319630986
35.212836898799175
34.64621146137331
53.59961545032801
62.21948687947969
68.88832921007352
65.33957793623144
74.16831218785022
67.28937778721595
61.527937212968055
69.66299651897397
73.71361764233853
52.72810925257932
52.72810925257932
47.50111305122591
53.94027579530511
58.7201369816855
49.50008572962113
44.33630117387257
39.10616720556758
35.266021392835036
33.375225781063925
36.32940083170952
33.474983293996026
27.493052597989774
31.04739764135361
36.98761751960472
32.46908098663399
32.46908098663398
57.901190173843645
55.13669241183812
53.18342501085248
37.75192860491861
40.728503391680945
54.2044866948559
50.86830458346141
49.980930449364664
62.733001993646056
66.23826145286651
46.18758874064153
37.46407116458841
40.69512828996164
35.41663215442069
34.38732709354387
33.2715988542451
41.00217650692244
34.98874971913978
29.45113699106513
44.620911506293155
40.592424255071855
39.23019356958062
70.56930884266428
69.813996475269
67.31984403023878
73.50811046144814
70.77906999746351
69.78263554392872
60.03119496178265
73.3512875218841
65.9848267324485
61.9938849308884
66.23533337117229
50.37801230874689
45.779413425121895
60.38355301933823
66.98052080616367
72.05209142605187
67.81058632577154
47.41390927806399
43.085303165077185
49.81368827646895
46.633160617929555
44.30189044199649
39.71961974939934
33.020227947794154
43.389459338986
37.16555748550184
43.409756123048204
46.47826269069728
58.43941203704313
53.62930299987361
49.51460153130339
41.18147580110342
51.727223046186545
45.0032513052037
51.1969606963667
41.02064052209813
40.143793956511345
51.50638211778909
43.912828608286176
33.329403659796995
35.87681892774391
50.15948269382131
63.50653893166365
56.43680874977053
51.985164366549085
48.871581995219834
44.0841167521648
51.97915500393629
46.74360987939454
56.03401613358324
48.684439470900216
51.613591157602116
51.613591157602116
50.33842445922504
40.5200482055359
48.080719972064045
50.70958025950847
51.41914481845241
48.21564102875742
56.1044094041379
60.913700871938794
49.33178835162247
46.21227271144312
35.27394024480321
31.25671570562639
20.710730414678874
18.400006741649978
15.590179295733813
13.114355414739043
25.80360964591579
24.33881298815311
45.169200727442956
38.43321958975459
48.41835721919499
53.711884974842846
52.57986342093145
47.91867165344727
47.313717436075876
55.702325845361145
59.689900520222025
53.35626354075727
48.86887358591931
50.470992257844074
42.74412179788219
55.96725509201489
54.26599373718693
39.660102374165845
35.93961078349097
42.99179598860311
43.88281694465176
47.658573717474454
42.687522236711
48.84424534704795
39.799991240038466
47.00518981226014
61.45400238971106
54.26596043476657
61.4244745509519
68.63425698875784
66.58298414015447
73.44985101083911
74.26348184368553
57.10127677366914
43.46570176846676
32.00256090206459
39.75827160673776
35.509801991209535
37.81015075475638
29.044049595992693
28.0218371725098
28.0218371725098
23.59872177561238
26.92595122283813
36.49864718307468
57.29712673163102
61.77977134570236
52.58054969152359
54.388974405899006
52.838893798692766
62.16923812403922
68.01109549081453
73.18675053752968
76.55375579319609
76.55375579319609
84.88997692510256
71.54803932044459
65.23829545968715
65.67489550905873
70.75989383692628
78.43826784772034
79.67023887809113
85.5689234719461
83.75977336854754
78.9450498641101
67.3335430717665
67.75449969905574
75.427320243862
79.89571965870039
83.2111466521562
74.36694197076356
65.52720192475927
50.43485418163895
52.53711209349364
43.05520511291234
52.869880528593185
41.42730060615625
46.74678295717005
53.131561993525125
51.487832155118426
39.68322633036256
34.88445480189106
48.66036840837234
40.380323123695206
53.09725143293862
59.61007304132152
58.139265030007756
49.25767894631597
55.45627191777387
52.49648198171752
52.49648198171752
49.561731027293646
50.20414086681988
57.66926411300916
56.05326425757601
51.861204877435426
65.10893176837615
48.88166985871844
50.12877978656404
51.494210179066094
42.72160817082928
60.59613792159348
35.47481141711224
30.313613416167552
41.92063751794301
39.20796335155213
42.09050871315579
44.615636087241164
42.889318942067526
52.44368928299766
59.40858074053841
61.053928735714116
74.86624841976021
61.04683740223642
61.98116269881213
66.60268307924306
67.21579164820692
67.2157916482069
58.6194337063358
62.74289095086261
59.692535289637526
58.0639502391645
50.167517491977264
58.06410467497736
36.07649870934219
36.07649870934219
41.931617979333666
44.145294370343905
38.99897470645894
33.92815689753596
25.799720383838864
36.64199085194157
23.523388147176128
22.44523103209931
24.051829662574843
20.19089577786674
23.72293979531267
32.35822316437854
30.75144446582918
23.640399545239244
28.201620988402144
29.177878402482893
23.619381245628766
18.06126344028615
36.207291100123165
39.03950473574169
43.389521740051684
49.61257857807502
48.92309133966842
42.16217789984585
38.480611742690954
36.635067423266
46.50323822509611
52.480539287551906
28.6969990706806
35.44796690637108
43.655232124084264
42.613321220515786
50.161917550813506
54.55154346544864
63.54824673806022
53.487239460339765
62.33392570504446
64.49816236200205
71.33883282758168
72.6882101031909
74.4248719243434
67.49228725153652
58.50874282330389
74.29815072059003
59.84539709237031
62.16162629881643
57.094870923872044
41.487422173204315
44.75465220855389
50.59081638788408
51.662100780722994
44.436153030796
51.64043844195743
40.525313917507354
37.16858937720947
40.03416020428995
37.105232449396944
42.001265710341954
45.27805144507174
57.149896939398545
46.81059753568325
42.655289344026635
38.185404779045044
33.17179721515215
46.85811755351163
51.570434737254224
46.17146281996443
33.51848841743633
49.489951095522215
51.11602207012101
50.49084790228775
45.95153665959352
47.5073436223351
45.980161746906155
48.827293511438995
47.85716798032617
44.77756377037239
46.11130695291392
42.553660886386545
18.221549901304137
26.806552727129084
45.7121358864346
34.86835663924551
26.659226689640647
32.1226477663037
29.290318664606495
28.642754871423037
27.25235292019102
41.23998803512099
46.794788807350216
49.546457769830965
36.88882292093301
42.08461771122982
39.4105172676399
32.30503302897853
30.21014413334705
28.503930345657214
25.21725797755919
34.95320101151466
50.61470018504044
49.17659658733054
38.95880528262759
36.755815238334755
39.7062652464263
53.154906443908246
60.73421628243312
53.27492498249865
53.99925157640889
45.80602546519237
33.492509236597954
37.20264201710452
48.066782805845634
38.11677108494553
43.658020099474626
53.87094973970653
45.60438874307307
48.41473881951882
53.90991897012749
45.517716823760594
40.65000851416832
37.20671115779195
50.189107191636914
41.52197227393028
37.75999690229235
34.18614902817067
36.177544360069334
33.8162835452638
32.008370214797466
45.46496624561591
37.59505500991598
30.415647550310798
26.007457333050578
24.37685228271585
38.77243217807382
46.06291700849555
34.730314829573494
33.240404710036
46.485149082422986
38.301758461201786
44.71842300516299
52.54805225060072
51.031747717172294
47.84571135092629
46.999284468476986
45.15580655605871
56.86815290205922
68.50810539014506
67.34311655457549
72.69977483375911
71.34939053310062
71.34939053310062
76.08140242136744
65.20792831445787
45.04544039723565
59.49611950552989
49.928413100515336
49.928413100515336
64.49721945180042
69.78897104319589
71.80911559652205
70.71786628988418
76.48932340249594
72.93497717061797
69.2233898640082
56.05712597273054
62.267704895718566
70.74820597523328
72.10461249591252
66.20124055916882
56.580201063274984
58.140075716132245
39.93201449289836
55.87637765146032
49.654894757446755
56.487383828281814
46.547816368316944
44.15707309557121
48.715923440610865
55.0650065403704
47.52223840777957
38.41485828309996
33.47936629234325
38.06977923461974
42.63722536832111
46.293474314303026
42.39595767504653
38.642107669927746
34.42205031751213
31.150938819835627
28.6387591150845
31.811318547809687
43.42078340628274
48.48117121746261
31.979787687988683
30.77130327660732
28.303118503708657
35.73753792101622
41.35117110210901
46.72133915969587
48.09237130463745
49.589179023249855
67.10242374444941
65.46235373662093
57.37241518020401
47.825023476053
43.09642231305338
35.924243898298606
42.25997440838857
62.5534454943497
57.63299516126688
46.97434386086333
54.70656423943064
52.49829859227763
57.45250183876123
50.20277663945086
38.163491322149554
30.923218954329133
38.29138003170686
36.07159808705412
41.30624988151462
67.8690373355117
65.90253807595138
51.995724678764965
49.72557506746772
53.61975933996691
49.220651099729004
52.795525963852185
63.24521850686391
58.94355405578903
61.22579208600622
66.8890669927783
71.66441285755477
59.32418653658076
64.9028406914654
72.51454731527164
58.00046835830391
62.89694681556319
61.856823257555114
51.125903310476126
60.47587299310142
67.6227906599514
68.13421995527298
74.61229023457689
68.84485818755267
67.63831520233721
66.29765909706292
64.81531125090108
48.53680988814719
51.76267243012818
56.9518688766649
50.66321714571897
59.86709028231617
49.263097583619626
63.98448642194378
56.6136100719223
55.55862624269634
58.251610657120345
60.979854336618644
64.54448004375143
71.34137835212331
73.90658966261654
75.78247694538763
80.60820699090134
81.98861379799466
67.25719669416664
58.20668707879682
55.34238514143919
55.34238514143919
45.01931930168554
48.20442152388362
41.30239785981507
43.179854067350846
38.87561942229144
54.556104206104784
68.88354360201168
73.08047222657972
63.2387199791656
61.642302078632106
64.72479590030055
57.603118174607125
41.71498476153327
33.676667192396124
58.36344822086481
58.36344822086481
62.95315718863621
61.64634144949217
53.90018516065586
62.13503482819361
66.02536688174769
55.49851806418516
56.49885469821003
43.087982764656495
50.927981523178225
53.05973703794552
56.342232697776694
60.58286256036669
67.80051104288928
73.41697473963278
58.659548730041756
41.38301338422869
46.43906491779614
44.661091615387065
37.255033041527916
42.17266868162057
41.24030103521296
45.417442230268016
44.20869920325671
51.634820287750685
66.89015757935348
71.69715405357576
73.59301560894562
69.98681888817212
64.51522103858234
59.176975025756064
52.494506861637326
53.99313770806975
53.99313770806975
55.847530167844084
59.604913326377876
66.23571376718154
40.99867112939417
33.15093171083113
35.19562872082244
33.99583329749318
21.380924426619607
31.200057659683
20.54264166518141
38.148762199788735
38.148762199788735
40.83400864960738
50.71041244793081
42.520599576714005
38.89646069312495
60.968304719753974
64.79598591882993
74.7828690745623
72.5220467001377
70.0775408577349
46.54440617566488
44.552500257626725
43.13258171854108
35.33594622522486
28.420397813849245
25.912602665820707
29.50148944679562
34.391000977507176
34.391000977507176
25.545430604152408
33.44607632845626
27.777640429326077
24.019897196693414
28.22141142196636
26.528747951512415
23.303318383561404
23.303318383561404
20.53351648851906
41.421284604692985
49.644758526901626
56.66430632258893
50.824994542363754
45.42387072103813
45.42387072103813
46.92568759148538
42.844569234426324
42.844569234426324
48.77573539330477
35.88528373769974
41.800989457376076
33.48331409593778
48.64346419769023
50.101492164200714
53.16963502733234
61.38790723013763
63.82929415886006
67.3971552374874
47.55249724766706
52.00003318637951
43.489496736085975
45.21382886927203
51.976980272644845
51.976980272644845
49.92564037746375
57.64136075406023
48.9402420109498
37.507610142643166
37.507610142643166
68.39770291184314
69.19628649968773
65.38345595912519
65.38345595912519
60.914738341350315
63.771739572793386
71.0874023483755
77.26697142379008
79.43999942450588
71.54855015288658
80.99044982409703
82.04800318926941
86.40986675471729
87.46420588938078
90.96783705154141
70.10026247066756
67.13848582355809
73.57875297667351
49.1346251188349
50.847489772452924
49.87847176549452
53.93059659838142
42.13816655488398
41.2704576989044
43.93468083736576
23.574331713922792
24.792957109722042
24.345048378749603
25.889899066409683
36.38226237480016
36.38226237480016
32.84459062666752
31.94847132843821
60.528450009584546
62.12445051181498
60.70828275510327
36.0528375806182
56.98529355884689
53.965618569225335
53.965618569225335
53.03030473715834
53.03030473715834
54.08967166296782
58.41819625922173
56.871475541992524
55.18555508195375
51.65203225747324
53.37439597331291
24.81445445058687
27.990130793596762
29.7031246712336
41.032860770618825
42.55886813191493
41.32489353261308
39.98711527795728
34.78924651972321
33.53191024460638
40.92278129580015
71.44891170944254
58.82332207050727
50.77173500535995
46.56894045328754
46.56894045328754
45.3202794256765
59.20401218171843
40.75231301619557
40.75231301619557
38.855541248808926
58.77921704306417
53.2209386288337
57.82288235547915
56.53931620805264
58.65717300207351
67.72958064272787
70.69739365348195
62.41798044542477
59.217227716326725
60.38908624119057
63.972535803138484
48.71676813806433
53.0253168872764
46.956079837497725
33.63122084088729
41.59884582583938
46.08023064649112
34.02866198064524
51.2070002577365
49.099569058111165
59.64052839471694
59.64052839471694
64.13522077025148
65.033849353271
66.94513399424682
56.293732567032905
50.15525305006424
53.10538634330503
44.07539010203267
38.97719733601587
35.43063057523149
35.4306305752315
65.05970011280706
61.93652105864773
65.73266804862186
70.0419594672318
66.19967656242562
44.8895684934064
44.8895684934064
38.32033257271167
32.784467798261396
31.05876110427227
26.964470558213595
26.964470558213595
29.441161206708138
46.26227511666946
46.26227511666946
38.60428692114171
32.41331227285441
27.35202604017951
32.23569662120609
46.704414368240684
50.20917416552236
67.48130905429944
70.05012414447181
70.05012414447181
78.9186870290523
60.09661009166054
49.05217114173889
46.84472667841021
50.68571886506855
55.619459331584984
65.5590168144196
62.33720838858234
63.375587304606995
65.56639259017683
72.26615182193704
67.91012010602581
75.55950511061899
69.21382826825116
71.08198768287835
72.06012671268479
69.35337957679313
66.47238886715394
55.77822536823107
51.04081461815149
42.67629571890212
35.88984290602698
47.85070491435396
51.98516652680723
60.92211891165773
51.989697545099325
58.93667953423828
34.47445404995516
47.727727939162385
51.50062792477418
63.61988255214462
59.342358017953146
55.070045732442495
46.12885158246361
36.38992458416106
36.38992458416106
35.39503111554133
35.39503111554133
22.894775645465543
28.70525562369316
43.45519070902865
44.91622918388553
44.91622918388552
42.02487591166575
35.443427297545824
51.28774938628992
64.63950056637069
70.7967631315532
61.52559836225681
63.37052153104441
68.58501809763658
63.37967268159594
53.933482922027295
43.87353099523381
62.185249467270644
49.70971173264536
54.13359129372199
44.998810920308564
47.060343907738215
49.2549656012729
45.957543639129824
43.70677962931151
45.253623375042636
37.034232295668076
30.617622163806402
34.36655262513738
25.591277108666745
38.72165007480879
34.350334981756866
52.79636348625721
41.92306557557586
41.92306557557586
43.22043572100201
40.118226375583916
43.251463574453766
44.914321828240176
42.069556775893375
52.486646464993235
42.25752557088942
36.40932817984105
60.42416189772275
43.47441704697743
42.6621584081107
30.735450826265375
25.67434705770125
19.846649582295395
16.12115463001037
24.8071565391044
21.03677128700306
26.41379338624387
17.575715583592032
20.45483714855661
17.61498915081835
16.51279923156083
34.48646273802206
29.476541570368862
29.476541570368862
39.394836425410546
41.1317171615447
29.10228005070975
28.33727475751947
32.43583871783381
25.331340539802195
22.052862822294422
16.78806307761502
13.727012858453785
12.215288607387043
22.980831968093067
18.857055694259213
34.10565863841739
42.042769881842105
45.215331383742274
45.215331383742274
37.55241414590652
48.36982127766246
41.70175711791986
38.629469029740804
48.174755203479386
62.24665721966986
64.31693102277927
60.48955881339319
58.09612348214296
67.10662353308359
60.44167815215965
53.53922149890178
53.53922149890178
50.95670519456863
69.92644458062654
73.72093384486082
81.18960016229089
67.84128759713359
61.96392115822387
67.39589453092432
63.228337475856975
62.4852798632903
72.26389664856704
67.57381944043762
64.36063550183235
66.64800762036559
61.20863605639874
58.45624352890552
49.83688053929652
54.48325901708012
60.16042266013508
63.448162139261946
65.42359239331098
64.0913641104847
77.03907112884319
61.993607745683676
69.7770432865435
69.7770432865435
72.58054359751165
63.516228298993546
67.07462739975331
72.70596981360468
73.65138851337852
58.46335579024359
58.46335579024359
69.43638784537985
58.87903760588535
53.27162035735089
46.463862182432855
43.27344418079316
43.27344418079316
38.83563597667744
29.69861668447851
26.890895703229024
23.32822726517496
20.62564570844843
19.33346102369845
28.007135983802367
29.750275887677134
33.46779016267074
56.20025184350562
48.3511750608442
64.63442019034714
54.68754140156514
51.92161679789674
43.46627751716569
44.50896359369983
41.017384729205624
44.76696335793899
56.47356574530731
57.42021827425425
53.400014686980214
66.80736262730443
45.60962394006726
44.828096701777135
62.58292870688974
54.93371575790288
46.85702170890735
50.661587131811324
51.46346066064309
60.37946364668472
61.06714042848422
70.06091025884184
64.34401452732885
65.00302587760743
52.65170322122144
60.52047627682079
63.33293829640104
65.46215178261856
53.51093125901858
53.51093125901858
62.601178808897714
67.06024921734729
50.764588366804354
46.99946194682984
54.74517624906523
51.48923323934752
43.52434293551894
45.9367651435462
42.77437895974451
36.91053112600209
36.91053112600209
42.18640909745329
58.2863414339642
63.21172638160676
69.79583043704605
49.394989232343896
46.45719890748292
40.04495029691492
35.23507663887501
34.439576305275935
31.18958201253695
25.611997583312174
23.21672238406777
16.21689231983995
21.347272562989204
18.70419443858522
24.124072654785046
27.82543994147355
23.805618192314025
21.974168017788138
33.738213325994415
31.03838981760798
36.86764652194386
33.59136407984431
59.73784295146516
55.73960962611497
60.78677788953847
62.747413444490796
52.20596228087613
55.8719455202209
45.2034143243648
38.7931612068748
56.5620763174314
59.289457001253254
65.17622873653934
71.32707270961075
73.70851174494753
79.57941344317597
71.86434513421452
80.25678746920532
64.02091723820061
68.71539095898656
64.40588239421227
65.64877572422951
67.60650484825543
64.76713656878505
72.18154956322398
74.43853991755638
76.6266337369604
79.19525776721403
73.59597384037232
63.27249287367464
67.63746344245686
65.83193477025819
55.56346846181622
52.41874654625597
47.742109461488425
46.15822749973276
40.02902318054291
57.80681700986029
67.81482843828938
50.018590252285435
56.147134476547734
60.77211946683396
56.63678980092462
52.51366931611118
65.18588936990172
54.801698669017895
60.27768971754976
49.82899759244799
40.040737794441
36.30079702889647
29.343440318164664
30.73592796705058
30.735927967050586
25.40356876924944
22.08746500577344
16.974179230340535
14.974239625192881
14.974239625192887
12.943817683415892
12.943817683415892
26.256383426843318
26.25638342684332
43.508193943018206
52.12381234227366
50.63863059007115
64.60340839433354
65.54079500247556
61.76607119953428
67.21312231395918
56.13906319705001
43.68247360417168
45.240235107309914
36.97878973288332
45.22300390936786
43.897798589609444
35.49636197572552
31.519016391200516
25.70350634449934
31.91554620026711
41.34651659278755
32.926362053030644
45.68843826564444
41.16925090133894
41.16925090133894
50.873406612159975
42.739003717413695
44.447198841236315
46.29576508577523
51.84278334543262
48.02692299564937
48.02692299564937
37.11559409196711
31.594111814262217
53.52990788532115
60.22023500519968
61.4993790576168
68.5096379063984
64.02581850740805
74.58271381280959
75.34175048282424
60.70067319614206
67.03611412374595
43.8996017654149
46.410326790249286
46.410326790249286
37.477986456702354
40.76654527534227
36.35387687903396
32.31757156991667
40.0036688586637
51.19496794658524
67.94841323913573
70.04236780399515
74.52345102801729
55.40010067249377
40.74933450962413
45.628959189535436
48.56173365620955
46.62706863121005
58.905797679787206
56.5945753960711
61.007738828009
61.90164136532971
62.883450903642036
77.56184844980297
73.01835821157256
75.2489576348279
75.2489576348279
80.16180888361193
68.04141117013782
72.78870841228759
71.04903830395088
48.37173597611856
48.37173597611856
50.82990165577937
49.47098720646771
45.280599767639245
42.51073321713841
38.44087647819574
52.44842340847393
40.489065975089865
42.17936545888313
36.240787882272876
34.02949726440969
36.27281524295973
40.909787499075236
37.74114836677743
47.18189377192065
38.71470800938086
33.21286761479924
40.52697299096707
28.515893281959926
38.95382087519905
56.53083874683915
53.5648903917563
59.668789273366876
60.856202053144116
40.31373303777302
40.31373303777303
34.17100422843509
37.81533888295298
27.33772223473876
32.71543810009046
27.943004940802123
23.3564319527967
32.4893092741345
32.4893092741345
36.517776580451724
40.60708476188589
44.71615759546464
44.71615759546464
62.14856489502818
44.38482959946699
46.003737382200605
47.75839840226088
51.40274105536029
40.10448088066159
54.83248422386266
38.04245346434997
41.019410358207544
41.019410358207544
28.332475503446496
23.04541569275329
41.30143015712532
47.885384591409
59.97292296087478
67.94008894363574
56.88536767065385
50.05125871661311
46.0606485749975
38.30749124893062
29.068914210096985
32.21279283741383
23.720874545890634
19.03398530766161
15.846320342380732
14.199945319929142
26.024267511933395
23.81520635162959
21.417788649431348
32.23994305795279
48.011408478986844
39.02741901154298
38.11308620676219
37.604814618563324
53.38515994014862
50.69536663205688
47.26090761726767
50.364874559897764
55.637060365273385
51.995580813188326
49.20841839857628
52.16692184316395
58.651281420850495
47.9390882223541
46.949666791872
43.819092035548636
31.069995915696413
37.61478459459736
57.90600135301687
59.95535693418428
53.89969845865045
45.879403981325204
59.713277918628094
47.310156118647505
54.17444777139554
40.71111918804036
43.64906830865848
53.04552214847443
47.20665621674621
46.54975126336337
43.740497849033765
52.78236958053765
51.90729300328378
56.85891411203935
44.51841848569516
40.203532031776426
49.59803428762693
53.00565860385479
51.01577958551766
45.14873742536448
48.56160915948228
60.76706793939681
78.20760484814282
82.65577909825276
84.39652352097549
75.63732654324745
76.57250033627349
76.91334387824722
63.135167877050435
50.33102886869788
56.10840728881538
38.3702815787427
37.924029272470754
45.26865269407109
31.80743685468431
41.51688769649368
51.14786490241242
60.35503212997715
53.955019809070784
57.427598690029434
63.399422026642746
64.5470703729361
63.02686164435233
75.17174400989074
63.1957219487022
63.1957219487022
64.0431310660801
57.204271172961896
69.36645980000883
73.02645480869015
63.53740378775194
62.10487677950274
65.2673524566445
69.46742821508956
66.67642274490345
76.22753082647762
73.4256742532315
76.42519161910005
63.55038424325756
47.17543403356801
56.91152147316998
52.776467415136864
48.1619633597259
52.36681160857476
44.109930062691596
52.187243368132066
59.46638548761199
51.6842972955036
58.47674105372882
57.05293673772769
48.24317283115119
45.73586471727136
54.00970608651989
39.95208926915699
52.91451500449283
55.437161830518036
46.76445874358561
41.2977135599346
37.6084199847723
35.765124900199005
31.334897929868056
30.046558986415832
43.45838648877036
59.56108822272592
34.42358827503947
36.48558701228629
28.277826655287726
27.175650012282826
34.27022626969926
24.429946009474296
32.259056905326055
32.259056905326055
31.676505140497756
41.95670879368969
35.44166610943992
33.13305503125068
37.80742507718348
40.54767581953191
50.06722980789162
55.0500594857703
57.75256231590551
55.444769711795686
59.7726175787687
52.98571041544765
52.98571041544765
73.22419493778737
83.72996449949026
84.91218568117158
86.65291092533806
88.78560933340889
73.25389616682453
76.72616766463767
72.87340339454474
73.63713275193227
76.66884706693999
80.89415637891852
78.4356300609227
78.68478759738419
79.23836295764404
50.01331441201119
57.044284673763265
50.01003075422105
52.10677070254213
57.27595460703688
66.4641092473904
64.99785205745165
58.991380515822655
85.69122708061623
65.35178859904906
68.34158537145396
64.18752555887484
52.79446004989452
53.741844343852605
57.20994731285411
45.42198063695365
41.22182232443245
43.24049023838414
39.58069436128362
34.7347316385675
25.144144509095778
24.706849996626012
31.154037855482674
27.132889711318487
29.142942426035834
28.686411673072932
41.397480744146584
41.89539778096037
36.524313924942874
36.16763912767651
28.723650068272566
27.584374540774135
34.34500699013856
33.54207211661327
30.27533920816467
24.71958716081497
19.546208342367912
24.98089030723774
28.686470343543892
22.83091564539096
33.303432308836676
41.67525307334045
31.354497155872675
27.029316440321132
22.651393314221686
23.49247122696458
32.77103487636058
45.85753282537759
48.302058286535896
55.28973673302306
58.01784175782665
60.25635392266471
56.76402010435736
61.8645953795943
69.20117941483937
64.1180006332148
65.85442349479844
57.3195297507067
43.49719855903575
37.379220662196985
33.08385081550482
47.10957466102357
47.10957466102357
37.864157571003695
41.63998863730217
37.677305333846576
50.38848702347069
48.74955761063673
52.32781740936604
48.42655026680033
33.86184741073972
41.02496755893879
32.35948263207616
38.36789238459456
44.950536943771134
46.8229326273382
32.70436003628634
47.61608444604038
56.3051759937934
35.76801475474084
31.09429486214519
42.14348321219374
49.517462847525934
55.224259841488376
48.000073117788055
38.662796728598956
40.8746126050589
38.47343059946936
39.83286242565225
40.590167680707125
31.453978107972514
52.44847711057559
52.937653878588776
63.70743681258442
52.59697654819394
58.8129826383627
58.225660381130965
58.225660381130965
49.08857773938101
52.18089770417007
40.755664542944245
40.755664542944245
38.51044960226674
39.472309816030254
36.20495315317877
42.76483606098528
42.76483606098528
36.87522742030532
27.982048449164736
25.92115061468193
36.682751790995276
30.862810920394356
45.32131800864827
50.80064192560302
43.29208311240435
48.19995198352984
38.88136768744695
49.257480913685114
59.383650935926624
61.890814786148084
64.42465302405891
57.77596992919105
47.423059522876116
35.939202247800964
49.92952755698965
35.2848273927446
32.53233469903421
36.60794701089631
42.9683022585332
40.06906542599884
45.95929775885436
46.82083246337166
49.60204311926897
48.623974208616524
48.623974208616524
40.18451817916384
57.29101708550978
61.994052674417155
68.63589537972763
68.63589537972763
74.55587661975163
57.13513507734022
67.70718955434135
72.3378492121174
58.73296404692655
56.966918566768165
58.40989066550043
45.961896512874794
51.87847069656094
42.019817372382164
44.81234929186377
51.93532146903951
70.22596263766685
60.556950648527305
63.459482550582116
60.87505822839883
67.06555546691757
67.06555546691757
77.65594861983371
78.25362052358432
82.11714538748882
83.5613661765607
82.28343977830936
76.85843943637131
64.5769087312669
75.44338240126724
75.44338240126724
76.63614105468137
68.91189461498041
76.95286689212301
68.95038918710877
72.69481056663419
72.69481056663419
60.54399436023783
48.40721629440625
51.83511082904646
40.8690831721162
60.72710825279588
49.4861372478828
45.48582130724055
51.89563088235296
37.24274318652475
32.496764253129804
24.263622491624858
24.263622491624858
22.033978786874165
19.107575579817134
15.172697563498605
11.185821482653319
18.659126922622644
18.131020038490398
33.949241513419516
29.99747279650398
27.445480572629087
30.478526827705444
36.59519135871743
40.37812931295658
31.659960268304854
29.803706756783775
21.40492170445768
28.609054912349443
27.952099034101007
17.367934129077117
13.617187945868125
27.87171639850139
35.362977995913354
30.41614736685577
25.998849880370646
25.570363276002528
22.378635226090292
21.353492012095998
17.62673754955566
16.46617000979873
15.000929161032744
18.710439506805187
36.341212925079454
45.0864114983556
49.11900823858763
47.39779671449093
45.555851408597455
38.627592409665986
49.0569904216803
44.67686374687454
55.22137338470859
63.70281040210497
68.90033671467211
69.2906371689171
76.71021813249365
77.00164565190579
64.83275768816505
60.58380412893817
62.294569874776265
47.29414736605125
60.98639932381946
53.03734085359866
59.61684229506405
49.72381351113266
50.318357744101135
56.28343145368496
67.19183055732923
68.33155436662231
80.70568810931897
84.25502981183129
84.39305964179407
84.39305964179407
87.58173629861182
89.39923863741213
89.9306298109772
91.41950643050134
63.32807166568193
61.105979589230294
52.135138648352175
49.19402351441108
50.79544164891065
57.49438423523032
66.09751144827011
72.26602775355349
70.78006473458257
55.60766643016033
62.12456501191854
49.53792146093326
49.53792146093326
45.924847073837476
41.895401168091276
28.290830854914738
32.920706299014505
35.65967896710704
44.20324921135954
38.330416664206
44.24746487646961
50.354361791372746
41.448741976508465
45.987320011088926
40.32035563955619
28.010216033206458
34.76890248841901
41.71425613843663
46.494836094564164
34.92613255713955
39.283972125874556
43.6390025822997
43.6390025822997
38.40033722751329
48.40551993116178
55.02774463835809
54.29672419354097
66.58825795291027
66.58825795291027
63.735619156255495
67.95909955327286
76.01644090268887
77.63853212551759
82.75305680830765
69.28080381902325
71.21212985401493
76.90772690240891
79.39766045002847
74.26457854517659
75.71390453442635
62.512178977522495
45.58192379932796
57.69923873868268
60.895982700791805
54.757059952829714
45.86535676064617
45.86535676064617
36.8391060128468
28.76919699880307
27.136122620511337
28.078264450245705
26.129108819400404
28.422410675254838
30.897712791498265
45.12928884069265
40.00976917181163
59.12016659183863
65.67993539175791
68.79134417768165
70.55161816313246
64.27683323413233
47.893701572454425
46.5254041446383
49.83289783610639
52.38169132807201
58.81931826094541
70.37313459163552
73.76972147090973
80.53041133514299
62.0707735147074
48.12878788656874
16.966295760203042
14.975742016336213
12.924448853556175
23.89179488180518
37.15061990184595
30.818147408750242
29.077607340434646
26.265622924137986
36.17438299947614
42.82366539706204
47.791960744247774
49.90669160353036
39.155312185855436
38.344137441599024
45.21895605231114
48.081674673693634
39.37605157026833
40.873313476809905
38.93178472824001
43.77440680384911
56.73120908618719
65.81963032224333
56.99452198064603
59.957310177845315
61.88537545821418
53.407608319549425
65.63098019354231
65.19244075691658
51.33886263626993
50.62948404631924
54.274568206262494
59.45553315159291
51.78289473371209
58.66230618027487
61.34193451310881
56.58092762899379
62.86299433974267
47.831952700442606
59.38698396657141
63.101891176708335
55.05615697669961
50.13857158022569
44.08117727507268
40.8759955035383
40.8759955035383
64.29966429447046
66.78850752369554
63.71343462302125
58.05872256878442
54.98724123205025
45.30745027884204
37.35797192208039
44.05110005135592
37.325551426073716
48.341771630218034
45.15632224922213
38.875319813656816
36.79128217990824
44.26140296763421
45.961902447806025
50.063589169150966
57.04951163299614
55.667093153339856
68.13879539380609
71.4486987077052
74.50474785556132
77.55412758636074
85.05444286890324
87.86231879570123
85.54431118346302
79.87112921658867
82.54282736360956
69.5995765472973
70.54019634299982
78.29067741695577
69.18928834939723
69.81225226501769
68.22068447586678
70.54513194005345
82.41678793798187
84.51691863559618
71.79544612573075
76.73412888026003
78.86881335613253
78.86881335613255
75.51446884328823
71.14996415614962
59.95470827219408
61.92952802359566
57.05937945066043
60.07809607233781
60.71541107957379
52.081342622554686
42.102629860495334
45.79015556919442
44.16724553236235
31.347631145390796
42.02628218648574
30.925463910332073
31.869311829041745
29.540572566460295
38.824766939844025
32.28086326279337
50.07978910663374
62.48971551257757
47.24421037787761
44.90339789982099
51.058885637088835
50.46745437739267
52.37695272066622
46.822973313599235
44.12365893838882
43.40190169105905
35.940159688511656
45.727534931203365
46.66773083892901
40.23391026095855
37.26959211884728
31.853696247047836
28.29541039792829
58.04076525190881
59.2236555017952
64.92788240816353
65.48499673711417
68.90461363546628
73.45628060931949
77.65047224614254
80.80082680789822
74.10486163168464
70.08403247168987
67.27610176191408
68.0154107621232
61.592971381490045
52.940847248036725
42.58688405295985
45.328533029969975
46.79433899989166
39.4683837962076
36.198865220580664
31.224609199107434
33.3385170477584
41.62028157928273
33.27329564006322
42.73807478381071
40.11207982633541
57.98462300622476
59.156643510952755
53.947487881121646
47.51105655510689
31.33475113670664
33.087220238394636
45.845350076238276
41.302087297397094
40.154220025937384
27.112631165976588
40.49296072775152
32.77845056569569
41.74290017951671
45.34702669353782
42.325664057576596
59.09667617398271
62.262170257394025
59.601107325848325
61.49974628797303
48.38163337542873
43.080196145327164
33.70503962477325
45.00381015704713
47.306538950106784
36.00110408375529
34.53598639531257
26.944511459426323
23.912088857947882
29.974331594661972
28.657083553593328
26.631488357566756
44.67903941167095
31.866009639629677
36.787639963982684
30.444045122012543
28.1997179258942
31.12885069043206
48.197807944822266
42.168399691661996
46.574982496727706
44.613774721684976
60.802063510200185
64.97144499501844
54.87001863686294
51.77403375806302
49.62035826373279
44.30416528038882
41.24494514042327
51.540734276890745
47.908248897601844
35.42488295418998
46.550245731821136
51.866126079856
52.94607506804464
57.361405443559846
51.75752621241858
43.22971936327751
53.36269779717052
57.71682923939292
79.10276976799662
56.5302748900165
57.07388066277635
63.40956948007066
54.84733552949487
45.2363792316155
39.863106817057464
48.35674544117701
45.865233067264036
51.617892562533996
53.744722956850886
51.986807939142956
49.20146151868921
49.20146151868921
61.19593523324387
54.36045729530598
70.71555907599765
75.40856991327153
78.10736164295027
80.29111506703342
80.60992717212005
64.86984870540563
71.32940851446699
72.66762414124338
73.14964532300664
65.19040570118992
69.07318303648935
60.055571463123144
52.19335218091283
55.100106213358316
35.292257088935244
33.55257969666008
27.33389304226853
37.3779508280976
34.90385725357942
33.62000138366241
26.350652872754864
24.043530836725118
21.064311979569705
16.38041808839056
23.39951390039748
27.606507624726063
20.963996061943096
34.33346823641863
45.05724214961515
34.895337490363055
33.363197607409624
31.75446550385853
29.561512357444425
33.53374715242346
37.594404352888276
33.64190042595734
31.35937483600424
30.561854993911773
22.60274591685671
18.445666915029268
31.388249853049533
37.143230700468074
46.24722953964685
45.16885630734295
47.968652102444324
50.86366006556792
66.83332468100268
69.84853776830332
63.21722648066855
66.84875791543746
60.01226653044102
69.12153573136777
54.73464460006136
59.58739880669055
67.60254070559176
63.25954279365816
53.93144023167543
57.062391022501934
57.062391022501934
63.641965576188866
60.09987104195822
64.64128360108758
64.64128360108758
58.044464934717425
61.0983275473515
61.0983275473515
61.0983275473515
61.0983275473515
57.39577054764785
25.411933872817116
38.576633038746735
37.31024627076811
32.40106343834355
27.23293337798808
25.365578583502586
15.919234403435983
14.659400998888172
12.395608152116056
19.561986094922972
32.33555501571526
23.663707866359797
16.45168306948185
16.118263074030033
24.899252921963434
20.45250105662581
17.982169161325977
16.8107460688274
16.81074606882739
29.107676644638914
26.135854324076323
32.13222003164567
17.14397764394337
15.640741549683773
34.26296900157813
30.392344924189217
40.383483300600275
42.499715682041405
33.56396113037068
30.699450929565863
42.10236584548761
35.38438492860876
43.67973716619614
43.67973716619614
41.04871790525465
43.65921694309713
42.57161904153935
39.192062624682826
31.498235861679998
25.6811370802171
31.18048258038514
27.296200157835038
20.738220761100816
18.417495867434713
27.746950475389948
34.64571305097092
32.00151080833421
33.94063754804015
25.53762017139547
46.81017912404678
49.20226642951487
57.93378586207483
56.53226428179513
54.99709752816364
54.99709752816364
67.80200623634647
53.44560231647163
59.96618943407571
55.482840052690875
51.07661994400055
51.07661994400055
64.74451060977277
64.74451060977277
64.74451060977277
71.43205063978554
74.25000939916957
82.75519581988276
84.14925806861038
84.14925806861038
60.33801131808934
49.958151929692576
35.04985992306119
39.23448552572378
29.129007001942963
35.92945062479467
31.107624774544195
29.171677733257717
29.171677733257717
29.171677733257717
49.91911410926282
54.636767468338284
51.82050223932788
40.87955077200603
53.47343875873334
50.96792409644948
59.686032659014835
60.6940278360565
65.64918936158756
66.62028021299817
57.27844869129603
63.22807687553803
61.25931649683858
63.85643505977383
69.71329050222784
60.642438717727565
64.62562348780041
57.86807438439098
59.49698938217941
74.36410798021221
74.36410798021221
69.16411473504944
69.16411473504944
66.08782874075675
52.59239752114118
56.67564142284361
35.50463392690302
33.12506403711714
26.887290231425943
20.278202496011716
19.07589697026888
34.70927500304307
42.08607174560605
43.91399822036711
34.99317399500911
31.798812744609588
30.720233983738453
22.07910725171216
21.385036477619597
19.286376630376413
19.286376630376406
25.753519894631193
25.7535198946312
32.91029445588591
32.91029445588591
32.91029445588591
53.54633677619161
68.46780063149725
62.661736781210166
59.73911814934254
45.15767645992555
47.616529551552276
47.616529551552276
65.92332339754067
63.09631301705289
67.86630968040073
77.00973517340375
63.897916167352854
65.26278287789577
55.56700118168598
80.91789134650246
77.62115731830212
78.62594473731745
55.587558364002476
40.270544341434885
60.958564962540585
55.75896667065348
59.72302311912653
46.10431276582282
49.43067306672921
52.15636837347431
45.138220953123174
49.813437680155126
56.26416196453881
64.93228642413628
65.96990442647173
44.125655183007154
54.83605238570443
51.0708132889359
49.1248030962597
55.053236226528014
56.98128454163771
53.45365070176633
62.22369863035587
68.09315004655296
61.12020645618558
51.54883570880403
57.17636843093364
61.087579290937356
36.63569189588867
45.28142651288173
56.7930808213618
58.17747480946689
58.17747480946689
50.93484990584143
50.93484990584143
53.98549500321849
57.06564194135068
39.51607978897211
40.435052077919075
43.41124959011258
52.533197930057185
51.573939298078066
51.573939298078066
48.06822115881554
54.071953483720634
51.33295204407896
45.96038591503422
45.96038591503422
47.779509880076574
47.779509880076574
71.79601908191661
37.36119190068556
32.46175650394845
38.65037709656308
40.738905643729204
46.038031315903666
48.17681352658481
49.33532920038001
49.33532920038001
47.90941153088127
51.16651841918206
49.38501821409645
47.47763906322329
47.47763906322329
50.046291598727244
68.0663869886596
54.46442814516086
47.207737747373834
52.66547743419849
60.515423690419055
56.212814405183465
45.110518213466854
45.110518213466854
57.99622866893353
68.84608976487964
68.84608976487964
75.42054157435592
79.66475737382032
82.04909690050872
70.1806463804062
76.46547620614412
74.20960985797545
77.30042851469968
77.30042851469968
55.25846598752601
37.832157172307056
35.095624240393946
43.021499704537334
50.05843164066267
51.44234203193858
56.94842482787419
60.795495345361964
72.24319960664063
73.00124095270736
76.67611379899219
64.51700216313321
62.60773628868117
62.60773628868117
62.60773628868117
59.88530926030317
57.02419428190603
59.26953518194852
61.585346069980396
54.44208712323725
59.81959684619827
52.648998368372816
52.648998368372816
33.78037412618157
22.939336894676337
21.924505023732248
42.478260863383575
32.58145889145992
24.92398549917713
20.711521971003172
20.059538977345824
19.356469399955976
19.356469399955973
43.207481375335256
55.119782597104525
26.604705376339194
48.44458487941255
58.22422767498334
61.06487263157712
61.06487263157712
58.93088813704781
61.27322982544781
56.33051763915704
57.323566421126536
49.526529469954966
57.33799238375836
59.408986954219465
60.51482034864271
62.85038569123783
60.776376767838926
67.04948512973354
68.22231557530249
56.599673510047744
65.96596705514396
59.60492806345966
62.39437188220157
52.030239066916664
53.80114961133934
61.91305874025761
49.80456296525569
33.44987045900817
21.93971323525194
21.466215717393776
47.57566022423396
41.94410908554545
45.15448192845909
53.12940158284096
56.75699765856251
62.60162834182192
55.22020121633396
61.35429775199361
59.999525932438004
58.5088252514942
42.62384940804384
36.47173748204045
40.703958887989565
36.08140956678712
40.74050897524766
46.715810125820866
50.992190635283094
28.28874844074915
43.82745130554598
50.849520109013014
49.07969354704622
45.43071488795688
29.574136515098193
37.61393865077265
36.41477427623208
35.757101114498596
59.429724618704086
68.13838614900449
69.80056469042428
70.68292990363676
72.96177908257677
80.36007922814353
83.14715269808049
78.47461217243264
76.01029818369895
79.04711497595642
83.55177451058417
85.03654063097595
74.66710846866395
72.12991984513455
64.53868079804491
65.9182569180007
56.96796077522277
62.796542614594586
53.280077251783474
48.99635212262319
34.56624923419087
32.71344869937517
24.98661253557472
20.513980202159697
19.506750197467284
19.506750197467284
17.251331610530357
37.94748149232953
40.24668388494039
47.03934986382973
49.25792000969494
34.913568258783926
23.680367469776332
30.162062662377497
28.75323782036898
25.541322834873835
20.919095508785553
19.88123454263967
30.492021033077187
35.42591169953964
47.29655968435758
61.42825470093507
64.8613504310837
49.58455656766495
47.43598032841344
53.6197594761842
53.6197594761842
44.1184374906083
35.53256702182765
51.462108391172336
60.85943416900522
64.34424330773943
54.03512992035382
55.30626817043171
59.21089954488643
58.232545927706866
43.354426167824336
41.32402638257319
52.45686547832198
54.74327770490453
59.264142207351036
69.29247583142985
71.66013243423406
72.63398534117897
74.6446646546149
77.50523060965948
83.30177884780616
68.1128790509537
60.667407953608944
61.36356914862537
50.10720754611035
55.27115250013139
49.374634932346304
54.923397687404375
59.98407613307963
54.13967671596849
44.201273756043506
42.404907192098186
42.40490719209818
41.28791797838532
34.04474448158996
35.89838180113246
37.91179256268192
34.19402079285018
29.711524084866358
24.217007899053595
44.09767841152506
48.75149871733166
43.21651721482521
40.55981958588275
31.595368744029095
22.338215941199095
18.898088864889377
36.601199822221275
47.433595324621415
42.7512087159324
50.62469317763468
55.65157551444917
64.08875482328152
65.59906860938153
69.97076640295052
70.6871322883081
71.47237545234474
63.60797976052337
49.47475622522695
54.642960963072326
54.642960963072326
56.136346419041296
59.23380363535793
47.598818179919334
60.89364598462006
60.89364598462006
60.89364598462006
45.22553750475756
45.22553750475756
56.42175660819097
33.82092799940097
29.077568116104928
42.9305536708172
44.32476065047294
52.37894812938735
56.04723860583104
44.24856715505482
57.01101910195984
49.831598787032185
40.91410531977153
33.91185767365626
26.3855858634845
26.385585863484508
23.219100911534458
36.424200553604315
41.57693995177033
39.71969100485132
31.580898276641854
36.11237771575478
28.208190604879647
47.4955393755212
39.78707943533617
43.983137364271286
45.08699958967091
47.47555575949528
43.144773214499764
50.89726275214439
52.15193932533057
47.913973625912774
45.095116064080734
31.28916832975459
29.676363032552544
27.245698449793824
18.50260464529795
14.551458810948025
10.53844357948585
25.8134417689068
38.02354547428365
45.54462363572582
51.48830821524082
56.91448773394357
48.8144264536342
56.712687659724246
47.42456635639593
53.77713952533307
53.77713952533307
43.32330802660424
49.03858387613292
47.20765374900175
44.34221952239806
43.33064055928376
36.58882625660264
49.53216264451478
47.303954305985705
40.93037505269894
42.42226630366183
30.76647128768377
42.068520557871594
44.673829642840865
48.669240883486424
42.73444721847305
49.79795413738402
34.89771903750258
39.10264136797969
50.23013590157541
52.45762310266737
57.89367967700625
52.3666043385008
49.63289850290282
39.048577464831986
47.6380386147699
33.86970449277927
30.481353272217792
36.358361013862236
32.40695951925291
30.139293525162124
48.24647149153768
44.1809403003802
50.22986873788842
46.724454643633386
46.724454643633386
41.574125778919814
40.292952914459676
47.72766874185147
47.72766874185147
49.80789241732454
42.07908702470632
55.89762605651717
51.82177002042361
44.3577487127421
59.501411737676044
59.501411737676044
71.12617024220842
56.22795519106503
56.22795519106503
52.56337776745135
47.23522392459781
49.215173436577565
56.71211729869105
56.71211729869105
54.056100481354896
42.55741676378836
45.245254708782845
54.97001341247139
52.291017334773805
52.291017334773805
57.7710408396364
64.7740426165866
73.2916493596297
54.908385955156334
60.6085573268856
57.798375531806315
47.609968988184704
56.46477978685931
49.25980465886903
53.795042522363566
44.59636667539241
40.59193636507985
40.59193636507985
31.25181814870389
31.25181814870389
35.220755914287274
26.42085395722124
30.43198346752695
27.031365614277725
35.365149373869066
31.247333877973958
23.390889508057978
19.922988355353304
14.8442474263711
10.299883840226604
9.910898432750932
7.856707812368829
7.017571571209685
45.25102058021705
55.243771221146545
55.243771221146545
56.5631608424833
54.702469165149004
40.77373483495083
32.33044355227152
42.614061561164974
49.93039415077249
45.88074353465109
53.18293770368805
57.18258046572191
58.5447259246873
58.54472592468729
63.21832608720508
72.69135001236582
61.305078816619464
43.86387745605239
38.16863981221457
39.9673864064422
32.363117289727114
43.074794004763916
44.75725791618638
51.388408421444076
51.388408421444076
49.414163945418416
47.31668328191627
65.76225881613311
65.76225881613311
70.72458474582069
74.91901250961465
77.68571126016228
82.79532805317358
67.50713735499413
76.0217428365269
78.60887215027141
57.23327405418745
47.332619687780465
43.037455170051416
38.958326019189464
36.00511647761072
41.152318771282296
42.91815584935021
35.5359188567483
33.33086039890193
39.796526495573566
43.97597857012144
48.130825633419086
55.710632552195825
41.66120721784248
33.20648508964606
44.37164233284997
54.58991633462349
72.24057541614619
54.71308620423623
52.74429068857249
57.18815934598753
58.96900733509944
68.72585730100191
63.375491346301395
54.766294553450855
66.13936089676588
69.12507343703204
66.42191122834195
64.9564422069701
53.9658269589581
49.16643313006757
51.64731485481088
55.413470872314406
52.281059863867775
56.53366961487105
48.26243032175843
43.82358076173751
49.21322143274862
45.83085710499221
39.55693494020988
31.979926454156786
42.55933236378483
44.54957915442142
38.40754899681862
30.043676987938944
30.043676987938944
23.291014971020246
33.19163970924629
47.003432664272054
48.74991307876155
43.75825184124364
42.100258901241475
40.33677385823601
43.08747117605669
50.9201210756441
43.94213785552297
36.290999347213116
32.97823737194805
28.47885417023471
18.05630789881177
16.191574001583525
16.191574001583533
13.68311288369778
20.76506403719337
24.346081945974866
46.61672977159282
52.6481249078672
39.066917284140125
50.186985993157926
68.80101438109662
41.460585764292205
44.40205963073108
54.868603380860925
57.19318815519111
53.98480617227239
46.03827729551012
40.08156589414622
54.604172109780166
46.02351515038595
58.74120167749373
63.93234395432466
60.05729231827146
69.61873021315772
63.74940103729458
67.44415892899627
64.20799134039179
61.92243802954604
65.46819871536667
66.19464530003292
69.85345566674447
64.98421293931128
63.28746290548439
50.9964461914153
61.71925233701002
50.29139143583318
54.60207080476713
53.26952886849183
60.964062948035625
45.986435375283556
42.94309595528776
49.38476697973738
45.804635873153465
43.385252460326804
42.10227582613162
53.26488834072551
47.257509201517585
58.14980465530799
54.88043350523836
64.1763752078085
32.89572271900355
42.92646988117083
57.013432345318485
47.1244564668975
52.55086276738968
51.78435953153492
48.51813427875875
49.4380733255491
41.700023959267575
43.94951728459758
40.35613212219635
53.51294873898831
62.30726400349263
54.70796007397502
54.70796007397502
43.58617802614314
48.01997267681861
44.96192588129357
40.05634748575434
22.819663751627097
20.151533065297382
17.24360394808081
10.894624309180534
9.216536234176282
19.684265055987893
16.661488809573743
45.586025302902236
48.34422794937306
52.510542846375564
52.510542846375564
47.93512857685102
51.585746051447266
48.94580833342354
55.513069953051186
61.75684464139407
59.990472187630125
47.460105553023155
60.53739765151028
54.81302841836179
60.23615985232742
51.65275601820741
40.11141637653392
39.150126216128925
32.058209113227996
20.52738255512519
27.522629670105715
35.39621696585063
39.798162523832445
37.285534455572474
32.54404661247302
29.644226612121972
41.01500539505187
48.11102625162214
46.926680808098794
42.68333817180376
44.34251140364695
55.49206457703424
54.649932644050224
59.6016802655568
45.63785076967629
58.251472045795396
59.39576904632508
60.027850441479245
65.04997118462661
51.8865108559462
43.23387810159687
48.96247318384414
48.161335267994104
50.940027224589926
49.91104026428005
57.78289453741975
55.27697447414782
61.11445297641994
45.222605429525004
46.37192950447439
63.86719973975066
62.68735105420815
42.06478018660714
54.75804274367149
41.72730005097661
47.86267513410408
54.06337183406937
58.08927111380796
45.06803354004745
49.627998392984054
61.68591994641716
58.19182047482301
60.75667602455431
66.04455669633018
67.42578752032036
68.41412754198801
75.3249332956774
60.90916917478123
67.58913469898926
67.58913469898926
55.06210883334861
49.066097276467474
49.85369861760546
46.53272178095066
39.032374826874374
52.33079313006556
44.177212772150185
39.06900453515239
46.24142784178504
54.043846208016845
50.65090293911448
47.22959270987045
33.515699526222825
39.32393033043577
59.65724638185146
56.73236472117499
63.4519252194024
63.4519252194024
57.92425788886453
53.44723801456546
61.65455916043355
65.72212478694698
67.96283054421937
64.32406884449965
63.02620256326274
49.26332329409137
52.269874799879425
52.269874799879425
46.19563249881003
51.40808987999921
51.40808987999921
43.074497099559906
56.6031765112454
67.34778005536643
50.512335195949646
54.28012132869413
54.28012132869413
52.9386000767773
61.68064168005429
58.543633742128556
67.94817152438239
70.98599036953513
75.07471902885581
64.5746842502915
44.3130573252572
35.90244336802408
45.64234230038559
42.342770136087125
44.65119563212425
63.30050546030941
48.67697461147878
50.98273606068054
41.05182152568508
48.49379380884394
45.5451316979436
56.88786152600217
58.22651517313274
60.35698087914388
52.17020300798053
45.11015400084516
39.01766964003549
36.863425234249306
58.758115602311776
51.35981983050962
59.79657799755187
65.61891390020624
74.23101993788345
71.41630988999863
68.42269243733045
57.331032260237514
53.966335159848846
50.5436221832238
49.63553370260819
61.581921527008475
47.66635363996538
44.749442223463035
45.70781950291195
63.81404143848788
60.11297672530809
63.751610225883894
47.19336574318338
46.496638804812726
39.15903549043216
44.655847486795835
52.13976192230142
61.48725200261587
62.688446560659585
63.34796188129087
53.52335269220754
57.72607426029531
52.27209320240457
63.433736202111504
67.22410462880677
50.20919420628505
44.81944961895133
48.4668346447305
54.53501635952382
54.53501635952382
54.53501635952382
63.11377034686241
56.30358929761808
34.176837741243695
33.590997715607706
32.939501212638135
28.478323255849215
25.618696043892196
25.03849157471521
22.145026974069932
44.39000676734353
41.64415188481845
50.975099114126685
43.035229384649476
54.32290204875167
53.21678294666504
64.79615427391477
57.73022523454375
53.262388195626286
57.093825907633274
49.99965816078417
61.141883860923016
53.16729592487063
47.09261638317736
46.08013008994245
49.815031563310725
47.29502087340647
42.35096687524043
48.556080527600145
48.556080527600145
55.00410167116732
41.49987740378138
33.15194439574685
40.103062538828574
38.935188283232115
26.478787323249552
37.93441888248081
49.58741755262099
63.604553897929236
47.43505374095342
44.37251622487361
49.111244141879
59.4692898998407
58.413986368526615
46.89231539635738
58.65443254171871
60.66485263866417
58.477575245814975
63.75509252344705
58.82538039481221
46.404870943530526
51.343972733424216
52.35717936454952
48.83688867779329
51.35291816261106
55.168665516800864
57.71970663022819
55.88507228519034
53.907982510905995
51.79373555157147
55.79461711104994
40.341601350778795
62.694794199417856
48.667756925049076
43.10397949440544
59.991846797796924
64.54534672003672
64.54534672003672
73.30845924306597
71.73476846092781
72.41795557988083
63.55542654708142
42.1357618209883
26.612457363404456
26.199962881176326
39.24003103033797
33.54139339596461
35.69643017127594
32.093993342362445
30.328214374460504
48.76093220088734
50.537325041073125
57.36011114402548
42.86319721806849
42.14032351368617
47.270684336525896
37.951808351732005
56.21231933757366
59.923796925572645
52.25754527028125
56.53495209659839
47.527357649769186
48.38990252053594
57.958640577391904
45.0956654486024
46.79862379653569
56.839003181557125
54.99654674712706
32.504961514782835
42.10390533626286
41.067139671367734
49.03181362282248
53.02723915318532
53.7248422889772
45.8653428337077
57.37687050585467
58.02062673676638
60.75623953220044
48.82485360350237
55.764233017518684
62.31555649089254
64.72662938824023
53.80366128623347
62.97844080217316
73.42015213913754
65.43462205503725
51.72942911456826
48.061503933264056
54.293881812030385
48.277940896110785
49.0023900167984
42.779924314659866
41.430944425771074
40.690694325677576
43.03928315127483
45.52816380715455
41.35788710481432
27.534733574274316
25.95430884340332
25.3937181477228
27.20785009031469
39.157299671508476
35.332985617971126
34.364834856670235
54.503046929354404
60.49666674747895
70.28353993176296
60.90817091693407
60.90817091693407
68.81900805767192
69.53046750402952
44.77529781303584
55.27449063066408
52.40074762144841
56.727226306814025
43.15063393329913
38.22460534852778
57.443754625807664
64.81219409085412
57.43560192560201
50.121977658376125
55.368060254278575
44.01665194987546
37.71835153476535
30.56851263980584
25.90280638659991
35.62105601702207
51.05295679483986
56.363359590597184
52.20460691522673
80.47027294636922
64.85160041290308
68.39105655680626
73.64136693126721
68.19549586607354
55.044335222674775
47.06518320286307
37.62535865242086
45.276754681701284
46.83368905164056
52.31286948678062
46.517908121532265
45.46140669172412
47.85288346481366
55.83363465045665
60.568557979468615
47.720744795672594
41.65824408229061
39.30145379126498
44.53160592902006
54.31467903444352
65.7616432751798
61.509218725744184
66.30833188137332
71.40211190676142
73.8577441502132
74.22259753850186
80.50227312147125
81.29110657920884
85.89895820801968
56.98220554621597
65.11286978507691
56.847772220083804
54.96921104048004
59.7880218796637
57.527898749957195
49.507243083288465
48.31155761615803
47.0017422777749
50.122375284337686
55.08152665173991
51.0286555532925
54.860935961561744
62.71618992900021
65.9700413249864
65.9700413249864
70.43568810746108
58.79414608584397
57.50398286984256
52.822875936374516
60.72748621342291
48.28179432668081
55.62692046027915
57.13223674031727
48.307917833064735
40.133655988403106
36.56418366293642
38.91494969047543
41.4197549337006
49.399999497159506
36.28279044494394
61.13393432742819
57.368884316650494
47.28781096264878
39.957664106768334
39.219271584116434
43.44022738272319
46.502195966229905
45.92840678106355
45.28369053079331
33.38681708265506
32.933034313866415
37.80960172540493
57.68873725344286
50.387748638134845
47.25135793154613
62.38149022162776
46.05148813189695
40.72152143951894
39.114281453532826
58.165996220229424
58.90781157252696
59.32393600776089
55.43737271155247
71.330402935336
72.85372803504924
72.11683521502998
65.26190971683728
67.99229568271507
74.83817702663352
77.24489302055358
80.57905393913285
71.13029361981219
71.13029361981219
69.16700230079972
69.6502865606608
49.825479325390425
34.413427130752844
31.767843963184006
26.412648828397668
18.21816192426768
32.57066227006585
28.38969612152032
33.89703072732303
42.41390493755288
52.722375606294015
47.787164003633464
50.692082425752105
50.15545668219846
56.52745419269311
59.044586021853554
50.30615835179876
54.490771201364154
55.11381032590001
60.70093629570926
49.61604791722875
38.582804521903114
46.52624592089155
50.551371525450946
52.60938865384791
50.977356564620266
36.112305597896686
53.22051643153334
59.262395275408906
64.54599382165391
55.54145298542657
60.43985785084983
66.41701472361777
58.415414818908204
49.10679034121082
41.91393728407897
36.228394289559205
28.10680873945014
31.782943176032408
31.782943176032408
39.229641193522966
32.05241138145692
35.45860089451305
44.3159924365988
41.903147954209444
59.64821228411783
60.14979825038736
49.50029097699334
58.53567421404065
47.01078561452222
54.608949948556074
58.972669595408775
45.51050478825795
31.626563333708884
28.83526844367996
42.6416260674335
40.2177802069288
48.84518424749604
44.709186705426006
46.78873956606056
53.36607809177867
43.76340211210189
42.87325587540609
34.7238482656865
45.48473620340197
40.748109912610545
36.73535276329878
36.73535276329878
46.54679798229456
58.278781166264984
52.80781944587443
50.38234351663574
42.02953551044125
52.852413309526206
52.227370821712185
54.10611938045082
51.019303768455714
37.91570363449747
35.889813414381656
37.80696498580668
31.77655525495451
44.724260993168095
39.75022803021603
45.039826997403985
40.896914247117756
52.62837405125524
48.64907681900646
45.47513939717066
38.272404647273326
41.4808213320089
39.88608296406773
32.64536630348308
31.975594742976575
25.369344813939886
28.469701244593427
25.97914095389482
23.068483398202776
46.55806664318645
57.20146176466088
56.12664661334673
46.12614622780168
41.82659562758697
54.53919291078656
59.973674553950815
64.82541808291515
68.02024353931029
69.30691205467248
62.09967562725974
55.44670140403297
51.61820236727067
49.01482609977463
41.72953696087001
39.472982002475085
44.653047250285496
35.34547504203771
35.34547504203771
33.05237103132779
37.71490460110082
42.34778091932551
59.65909735084539
55.79300917874615
47.006081685237135
57.75389025396741
59.12051467355932
56.99319212928935
38.040511712335764
34.710845036375936
33.580355993888006
26.586607104671234
22.691588707425808
35.72898600386269
52.62839717426064
47.39911728200177
42.52381175078103
52.40819763390243
45.902184199776144
50.18359837593034
35.95559414059532
46.68809495780918
47.94623729506954
66.29967895421846
70.5001766782837
70.5001766782837
67.30888232498408
71.73739602860343
69.91601198125255
71.58111409096853
79.9175907769844
70.71215930135793
71.4705160994099
67.44069146508555
76.58199728379907
79.84639922587849
81.3465370311024
79.08248975911293
74.30972553559863
76.73940828858777
78.31687210376235
63.42724956266422
55.334745615461856
70.52296332127793
71.3265573701108
79.18397508728346
71.63399467051786
73.7961311883999
78.25793451800793
68.62716603487905
66.73201128388145
62.73412565752844
68.2253031540547
43.233361623137945
36.06073713612308
50.32466309987801
59.098296898511585
55.69334377667764
55.69334377667764
55.69334377667764
49.81471206827934
57.56678821827109
54.33847469433412
52.635529722126925
57.270915853076545
34.92352331301829
24.994158073915884
16.874803757808397
27.926442408130036
35.60926512611147
45.232434983072736
41.64202135612066
41.64202135612066
47.21980099729604
43.391519499278466
32.68879076056028
40.00634728618137
46.69302837764505
44.77367601993706
46.053021114331564
41.604739471896444
40.476945424873044
30.83306873181281
30.008113246739477
29.109452630226308
45.92597333204972
50.44707013759178
48.875362586662284
59.1539191597955
59.1539191597955
75.80625740991084
64.08316414326622
64.08316414326622
68.68801475684504
71.24068745564475
59.96025163195276
34.04390390195392
42.1256045070986
39.7189346001891
39.7189346001891
45.26946661810031
37.33605447243789
37.33605447243789
50.36456593362677
58.16956539541582
52.70514704990297
45.334346681065135
44.14704810845214
38.352214839051896
53.75966667163098
44.43942843390519
37.8196440614298
44.61883639072305
43.52064669338563
39.08114430074626
33.216611185112924
49.30803966898619
55.98305831044009
66.24137402306637
60.79219964019753
60.79219964019753
39.28147698720969
34.99515997722106
46.26999114318308
51.15742421847224
54.94084663324209
62.48516112168782
57.54428103884099
55.033701115844956
42.26714058721596
53.641646408352315
50.510063865980925
39.78910105161018
43.26294704808703
52.70778057306048
60.32788310926597
64.70278400576228
66.814105110828
63.87508876922063
60.78968744169264
60.78968744169264
70.33001506449735
71.14023637387045
58.284781337600776
48.22876064390469
42.224550390298475
37.872340522929285
39.66621993911572
31.318815197793228
29.526437147578456
29.526437147578456
29.526437147578456
37.73727366942673
30.82967912036643
54.09736107885769
60.48742657338193
56.83571173061092
66.24196733412421
72.32977406852231
68.27095609423732
71.07977240652257
64.49225436072432
58.26195713952473
44.911991226800794
51.34403627606859
40.44605468226577
37.04391516926428
32.79939647954916
26.636617426101516
23.700471782309794
22.970091301738478
30.39516450731796
26.469810479381007
41.678421681004465
52.91542342364859
48.31232521086346
46.74824183660425
72.98555208584499
58.83460661084457
50.60160727540374
44.33758592503864
44.33758592503864
41.412495177366225
48.00870675795893
44.537247254786884
48.80834193736827
48.80834193736827
37.32729756701468
49.50874489264526
43.422330443918376
44.98315185588322
48.276046063200084
41.16828580326579
46.61027777057376
40.80355561466416
55.27042477765172
61.328628921976836
67.43554671627899
65.44796360254888
59.38883230632125
57.346856945393846
57.346856945393846
50.42239196145574
48.184640357310386
48.184640357310386
43.09233676598273
43.09233676598273
59.98356223928647
46.665214894616156
44.39070401379157
47.351630218028404
69.69425831380987
57.88433580959064
53.68562504062741
61.69957174811294
57.13654984922552
50.65297502423258
50.65297502423258
46.01814145144949
51.17321882329209
63.30371607736998
60.417176030649486
49.91284088674083
52.30488908473288
47.11260390950001
56.970060801056746
56.970060801056746
56.970060801056746
72.6385133762315
35.42698600928409
33.449780861054194
31.426039159696195
28.447240720989626
24.826818783417586
23.12862675203832
18.700763302566603
33.410309505853704
41.54582357289833
40.13149203422839
58.1947263596586
62.89232624792842
57.31855247847935
64.56551072008108
49.901066385462116
38.6474669550713
37.66731327097303
37.66731327097303
33.18528584425916
37.47734028062773
41.79178857213772
49.78782493459578
40.22429694147003
46.18770348176854
44.48095138854743
46.75134233383799
46.75134233383799
49.500751399628335
46.717465155183305
52.83708724102287
58.35584898557791
63.30967240801855
67.73787413952645
71.68148608685135
62.821064428465036
67.46181868028432
69.64758055123815
71.83096142718071
71.83096142718071
65.55292178256138
79.80738535741767
74.711322477395
57.70492049159349
69.65858401511045
66.06773412868469
44.76620498293633
56.81543050262988
54.52788592667815
39.75332416731283
39.75332416731283
29.21453459237001
28.138619523885005
26.991638650556027
57.19221826291344
44.45983550540106
71.3986542934776
60.173260533846715
63.75929656088382
66.64693188848182
60.02469321210865
50.39506845824933
57.47898525054851
58.980982854066454
59.80021550954615
63.19302897245402
49.84448317721733
50.93171188575558
62.97172460605308
