117.848
117.856
117.865
117.867
117.873
117.885
117.876
117.874
117.876
117.872
117.877
117.884
117.875
117.879
117.884
117.876
117.88
117.879
117.89
117.882
117.89
117.904
117.907
117.91
117.914
117.919
117.925
117.928
117.93
117.929
117.948
117.931
117.923
117.94
117.928
117.92
117.907
117.9
117.904
117.907
117.944
117.94
117.915
117.905
117.905
117.908
117.904
117.893
117.884
117.874
117.884
117.887
117.881
117.877
117.874
117.883
117.885
117.878
117.888
117.877
117.869
117.853
117.864
117.849
117.846
117.851
117.86
117.856
117.851
117.853
117.853
117.855
117.87
117.879
117.881
117.883
117.889
117.892
117.88
117.874
117.861
117.866
117.864
117.864
117.869
117.885
117.883
117.882
117.881
117.886
117.855
117.871
117.869
117.878
117.887
117.886
117.88
117.871
117.866
117.855
117.85
117.85
117.87
117.869
117.868
117.859
117.861
117.852
117.852
117.841
117.851
117.858
117.835
117.832
117.827
117.823
117.82
117.81
117.804
117.795
117.789
117.799
117.808
117.814
117.829
117.793
117.809
117.812
117.801
117.788
117.806
117.81
117.811
117.822
117.827
117.822
117.821
117.818
117.829
117.827
117.821
117.827
117.824
117.807
117.811
117.819
117.823
117.825
117.825
117.84
117.844
117.842
117.834
117.827
117.823
117.821
117.811
117.8
117.822
117.811
117.829
117.832
117.839
117.848
117.843
117.831
117.831
117.845
117.835
117.857
117.854
117.858
117.85
117.832
117.815
117.816
117.8
117.797
117.787
117.77
117.797
117.787
117.813
117.813
117.819
117.821
117.85
117.864
117.9
117.884
117.917
117.901
117.909
117.891
117.879
117.873
117.901
117.865
117.888
117.899
117.905
117.9
117.901
117.894
117.902
117.942
117.927
117.921
117.987
117.988
118.001
118.033
118.024
118.018
118.024
118.045
118.006
118.017
117.999
117.973
118.001
118.023
118.03
118.005
117.989
117.981
117.979
117.979
117.977
117.992
117.978
117.964
117.964
117.971
117.956
117.957
117.949
117.948
117.961
117.961
117.993
117.988
118
118.002
118.007
118.02
118.008
117.994
118.009
117.984
117.993
117.982
117.988
117.997
117.996
117.986
118.013
118.017
118.003
118.019
118.034
118.049
118.065
118.025
118.031
118.064
118.062
118.054
118.05
118.046
118.05
118.067
118.076
118.071
118.051
118.051
118.041
118.059
118.098
118.09
118.084
118.092
118.118
118.109
118.09
118.083
118.074
118.087
118.124
118.119
118.108
118.109
118.115
118.111
118.089
118.1
118.108
118.116
118.085
118.085
118.059
118.084
118.091
118.105
118.099
118.097
118.082
118.072
118.071
118.077
118.08
118.088
118.112
118.105
118.107
118.117
118.141
118.136
118.113
118.108
118.132
118.118
118.087
118.109
118.091
118.133
118.116
118.11
118.11
118.109
118.09
118.097
118.096
118.096
118.089
118.082
118.075
118.073
118.082
118.086
118.08
118.085
118.075
118.065
118.069
118.06
118.047
118.047
118.054
118.051
118.056
118.047
118.068
118.061
118.053
118.046
118.032
118.034
118.031
118.031
118.024
118.01
118.029
118.036
118.048
118.045
118.034
118.051
118.056
118.066
118.064
118.071
118.073
118.076
118.066
118.111
118.125
118.152
118.137
118.088
118.102
118.068
118.096
118.081
118.078
118.068
118.083
118.06
118.079
118.089
118.049
118.055
118.04
118.051
118.044
118.06
118.059
118.015
118.023
118.037
118.035
118.044
118.059
118.043
118.038
118.03
118.018
118.03
118.019
118.032
117.995
117.996
118.008
118.008
118.016
118.017
118.018
118.014
118.029
118.037
118.059
118.053
118.054
118.044
118.05
118.057
118.043
118.053
118.053
118.052
118.058
118.049
118.041
118.046
118.053
118.041
118.047
118.051
118.045
118.042
118.053
118.046
118.052
118.057
118.06
118.054
118.075
118.066
118.064
118.066
118.067
118.069
118.07
118.06
118.058
118.072
118.067
118.057
118.063
118.055
118.044
118.049
118.042
118.039
118.046
118.047
118.055
118.066
118.076
118.079
118.074
118.087
118.076
118.079
118.058
118.058
118.075
118.083
118.105
118.082
118.076
118.046
118.053
118.034
118.006
117.995
117.987
117.982
117.987
117.996
118.02
118.022
118.003
118.02
117.996
117.997
118.013
118.008
118.012
118.043
118.026
118.034
118.031
118.031
118.043
118.039
118.041
118.045
118.035
118.052
118.053
118.058
118.076
118.062
118.088
118.065
118.074
118.075
118.108
118.112
118.133
118.108
118.109
118.12
118.116
118.13
118.135
118.128
118.119
118.113
118.115
118.108
118.097
118.098
118.1
118.097
118.092
118.073
118.07
118.067
118.046
118.054
118.056
118.051
118.036
118.046
118.06
118.063
118.08
118.075
118.069
118.06
118.056
118.067
118.089
118.093
118.097
118.083
118.06
118.031
118.037
118.026
118.006
118.021
118.016
118.035
118.053
118.045
118.04
118.035
118.043
118.033
118.061
118.048
118.074
118.086
118.085
118.087
118.086
118.082
118.09
118.099
118.096
118.078
118.077
118.075
118.082
118.085
118.089
118.08
118.069
118.051
118.046
118.035
118.018
118.062
118.07
118.05
118.031
117.965
117.985
118.067
117.982
118.001
117.979
117.923
117.92
117.922
117.924
117.876
117.875
117.873
117.807
117.745
117.741
117.771
117.772
117.779
117.759
117.717
117.684
117.702
117.704
117.73
117.736
117.743
117.728
117.738
117.776
117.809
117.785
117.805
117.811
117.814
117.817
117.79
117.782
117.788
117.758
117.75
117.754
117.761
117.741
117.741
117.745
117.747
117.716
117.728
117.76
117.758
117.765
117.795
117.767
117.766
117.778
117.763
117.75
117.752
117.753
117.722
117.757
117.761
117.753
117.758
117.765
117.752
117.76
117.76
117.784
117.765
117.771
117.755
117.756
117.778
117.763
117.762
117.782
117.782
117.782
117.773
117.734
117.72
117.721
117.711
117.703
117.707
117.728
117.734
117.721
117.728
117.74
117.754
117.741
117.72
117.743
117.741
117.745
117.754
117.77
117.757
117.77
117.758
117.755
117.767
117.78
117.79
117.799
117.788
117.78
117.78
117.791
117.757
117.756
117.756
117.751
117.756
117.75
117.758
117.75
117.74
117.741
117.73
117.736
117.735
117.73
117.729
117.722
117.721
117.719
117.727
117.725
117.734
117.72
117.713
117.714
117.693
117.697
117.688
117.813
117.795
117.834
117.805
117.803
117.775
117.772
117.791
117.769
117.772
117.751
117.74
117.729
117.741
117.754
117.743
117.749
117.765
117.767
117.773
117.779
117.774
117.797
117.803
117.804
117.806
117.825
117.827
117.823
117.824
117.822
117.831
117.842
117.858
117.841
117.825
117.836
117.813
117.805
117.818
117.814
117.791
117.788
117.788
117.78
117.792
117.781
117.765
117.757
117.752
117.741
117.753
117.777
117.78
117.785
117.783
117.757
117.731
117.753
117.762
117.756
117.756
117.754
117.732
117.746
117.745
117.741
117.749
117.743
117.733
117.739
117.725
117.723
117.71
117.708
117.697
117.705
117.712
117.709
117.712
117.704
117.716
117.714
117.715
117.722
117.73
117.739
117.739
117.748
117.752
117.746
117.744
117.745
117.747
117.744
117.748
117.736
117.742
117.752
117.741
117.733
117.737
117.738
117.726
117.735
117.746
117.741
117.743
117.739
117.744
117.74
117.725
117.736
117.739
117.742
117.745
117.74
117.746
117.752
117.757
117.771
117.762
117.764
117.762
117.764
117.762
117.776
117.769
117.784
117.792
117.786
117.78
117.797
117.806
117.812
117.813
117.816
117.818
117.816
117.815
117.813
117.815
117.816
117.815
117.82
117.815
117.822
117.835
117.836
117.834
117.833
117.826
117.825
117.817
117.82
117.819
117.816
117.814
117.821
117.814
117.818
117.812
117.819
117.837
117.833
117.834
117.828
117.83
117.818
117.823
117.837
117.843
117.836
117.837
117.835
117.829
117.837
117.841
117.835
117.85
117.841
117.844
117.844
117.847
117.845
117.849
117.846
117.858
117.861
117.854
117.856
117.854
117.852
117.841
117.82
117.821
117.815
117.819
117.812
117.805
117.804
117.796
117.789
117.791
117.788
117.786
117.787
117.787
117.781
117.781
117.782
117.784
117.79
117.79
117.798
117.803
117.804
117.802
117.802
117.797
117.789
117.798
117.772
117.766
117.765
117.77
117.773
117.777
117.783
117.781
117.777
117.776
117.773
117.773
117.777
117.776
117.762
117.76
117.757
117.771
117.773
117.781
117.779
117.78
117.778
117.779
117.774
117.766
117.767
117.765
117.764
117.763
117.775
117.78
117.784
117.796
117.789
117.787
117.778
117.775
117.776
117.776
117.774
117.778
117.772
117.78
117.778
117.784
117.785
117.788
117.783
117.779
117.782
117.789
117.784
117.788
117.795
117.792
117.78
117.78
117.789
117.763
117.761
117.756
117.77
117.762
117.77
117.772
117.777
117.765
117.764
117.76
117.76
117.763
117.76
117.765
117.763
117.765
117.763
117.764
117.765
117.799
117.773
117.77
117.797
117.777
117.778
117.777
117.777
117.777
117.778
117.781
117.775
117.776
117.764
117.771
117.774
117.784
117.776
117.775
117.772
117.777
117.771
117.772
117.773
117.773
117.772
117.762
117.763
117.756
117.761
117.765
117.778
117.778
117.776
117.78
117.78
117.791
117.782
117.79
117.759
117.776
117.766
117.762
117.786
117.782
117.784
117.77
117.771
117.775
117.773
117.785
117.781
117.784
117.779
117.782
117.769
117.758
117.748
117.73
117.746
117.757
117.758
117.755
117.755
117.758
117.759
117.761
117.77
117.77
117.764
117.767
117.761
117.765
117.766
117.768
117.782
117.786
117.785
117.788
117.791
117.79
117.791
117.785
117.793
117.792
117.791
117.79
117.784
117.782
117.785
117.787
117.786
117.791
117.788
117.784
117.776
117.775
117.78
117.786
117.792
117.787
117.78
117.78
117.781
117.787
117.773
117.774
117.768
117.768
117.765
117.763
117.756
117.766
117.756
117.745
117.747
117.744
117.744
117.737
117.735
117.731
117.735
117.736
117.733
117.732
117.731
117.735
117.734
117.733
117.722
117.725
117.725
117.725
117.732
117.736
117.753
117.769
117.766
117.759
117.761
117.754
117.762
117.759
117.759
117.757
117.747
117.758
117.766
117.783
117.786
117.785
117.786
117.788
117.778
117.795
117.806
117.809
117.805
117.81
117.813
117.806
117.812
117.814
117.81
117.815
117.81
117.816
117.812
117.816
117.823
117.79
117.806
117.802
117.796
117.794
117.803
117.817
117.814
117.814
117.815
117.803
117.8
117.767
117.767
117.767
117.771
117.806
117.797
117.789
117.789
117.791
117.807
117.806
117.804
117.808
117.81
117.793
117.784
117.783
117.801
117.798
117.801
117.799
117.795
117.803
117.816
117.814
117.819
117.817
117.817
117.804
117.807
117.808
117.8
117.808
117.801
117.806
117.809
117.819
117.82
117.836
117.818
117.806
117.798
117.794
117.794
117.794
117.788
117.79
117.789
117.797
117.793
117.782
117.772
117.757
117.767
117.757
117.766
117.77
117.775
117.792
117.795
117.791
117.787
117.792
117.792
117.791
117.788
117.793
117.776
117.787
117.798
117.806
117.815
117.801
117.801
117.811
117.807
117.815
117.821
117.841
117.833
117.837
117.834
117.842
117.834
117.829
117.843
117.841
117.839
117.833
117.836
117.836
117.833
117.833
117.834
117.836
117.84
117.829
117.829
117.848
117.844
117.834
117.84
117.819
117.816
117.802
117.812
117.808
117.805
117.809
117.811
117.808
117.809
117.806
117.806
117.811
117.808
117.804
117.794
117.797
117.791
117.8
117.808
117.81
117.809
117.809
117.817
117.828
117.826
117.827
117.83
117.825
117.815
117.816
117.819
117.818
117.826
117.82
117.815
117.818
117.823
117.828
117.837
117.839
117.84
117.843
117.843
117.842
117.836
117.836
117.827
117.839
117.853
117.847
117.856
117.865
117.862
117.875
117.877
117.881
117.886
117.901
117.911
117.919
117.9
117.905
117.912
117.922
117.912
117.919
117.909
117.901
117.914
117.909
117.905
117.907
117.905
117.906
117.91
117.916
117.917
117.922
117.93
117.927
117.935
117.933
117.933
117.932
117.918
117.927
117.929
117.922
117.922
117.928
117.924
117.937
117.938
117.929
117.929
117.931
117.927
117.93
117.944
117.941
117.945
117.946
117.963
117.982
117.978
117.98
117.98
117.982
117.99
117.998
117.991
117.978
117.967
117.975
117.959
117.958
117.961
117.954
117.955
117.944
117.942
117.939
117.922
117.918
117.903
117.904
117.911
117.907
117.915
117.918
117.918
117.932
117.926
117.931
117.927
117.926
117.909
117.908
117.897
117.902
117.893
117.894
117.893
117.888
117.885
117.892
117.887
117.89
117.894
117.898
117.897
117.898
117.893
117.898
117.898
117.892
117.899
117.903
117.903
117.904
117.905
117.907
117.904
117.904
117.904
117.895
117.895
117.896
117.894
117.879
117.887
117.893
117.898
117.895
117.891
117.903
117.902
117.899
117.904
117.913
117.914
117.915
117.919
117.916
117.914
117.904
117.906
117.918
117.919
117.921
117.922
117.927
117.936
117.919
117.926
117.935
117.932
117.938
117.937
117.944
117.927
117.929
117.925
117.928
117.921
117.928
117.921
117.93
117.925
117.919
117.913
117.912
117.91
117.907
117.897
117.901
117.894
117.903
117.905
117.894
117.896
117.888
117.889
117.893
117.898
117.896
117.891
117.884
117.878
117.88
117.884
117.887
117.883
117.887
117.856
117.868
117.894
117.878
117.86
117.866
117.864
117.862
117.856
117.852
117.855
117.852
117.836
117.839
117.837
117.841
117.846
117.842
117.835
117.829
117.836
117.849
117.847
117.843
117.836
117.824
117.813
117.791
117.784
117.779
117.777
117.783
117.777
117.774
117.789
117.784
117.78
117.776
117.767
117.762
117.754
117.758
117.754
117.767
117.757
117.743
117.769
117.773
117.762
117.759
117.746
117.763
117.751
117.75
117.75
117.759
117.736
117.735
117.726
117.72
117.714
117.721
117.734
117.738
117.726
117.72
117.723
117.707
117.703
117.64
117.639
117.642
117.615
117.622
117.641
117.655
117.649
117.649
117.62
117.61
117.593
117.586
117.58
117.55
117.533
117.505
117.518
117.538
117.543
117.545
117.521
117.501
117.515
117.542
117.564
117.58
117.578
117.594
117.576
117.582
117.57
117.593
117.602
117.591
117.602
117.597
117.567
117.546
117.553
117.544
117.567
117.578
117.588
117.572
117.564
117.589
117.575
117.569
117.572
117.582
117.492
117.524
117.534
117.515
117.496
117.483
117.487
117.493
117.516
117.513
117.507
117.528
117.556
117.571
117.578
117.554
117.557
117.577
117.559
117.546
117.564
117.555
117.577
117.575
117.572
117.544
117.542
117.548
117.532
117.533
117.531
117.521
117.501
117.5
117.499
117.501
117.494
117.501
117.481
117.475
117.458
117.448
117.441
117.422
117.403
117.379
117.367
117.398
117.385
117.39
117.388
117.393
117.406
117.388
117.384
117.411
117.414
117.39
117.386
117.396
117.406
117.414
117.412
117.416
117.414
117.432
117.432
117.417
117.415
117.411
117.444
117.451
117.467
117.463
117.482
117.465
117.492
117.498
117.501
117.494
117.512
117.489
117.478
117.479
117.473
117.458
117.435
117.434
117.427
117.439
117.435
117.43
117.436
117.443
117.431
117.415
117.43
117.414
117.436
117.451
117.454
117.457
117.443
117.457
117.453
117.458
117.463
117.462
117.462
117.466
117.477
117.48
117.487
117.514
117.521
117.518
117.519
117.513
117.517
117.53
117.539
117.539
117.549
117.539
117.537
117.544
117.524
117.518
117.539
117.52
117.523
117.507
117.494
117.5
117.513
117.503
117.479
117.482
117.486
117.482
117.481
117.503
117.518
117.533
117.529
117.552
117.544
117.537
117.556
117.568
117.537
117.537
117.528
117.539
117.548
117.534
117.525
117.515
117.507
117.503
117.506
117.501
117.489
117.492
117.497
117.49
117.49
117.516
117.513
117.511
117.491
117.494
117.51
117.506
117.505
117.522
117.528
117.504
117.488
117.492
117.482
117.48
117.478
117.485
117.476
117.466
117.481
117.475
117.473
117.528
117.527
117.524
117.541
117.538
117.537
117.527
117.558
117.549
117.544
117.553
117.531
117.523
117.551
117.569
117.586
117.58
117.542
117.531
117.545
117.538
117.533
117.523
117.506
117.522
117.507
117.517
117.522
117.545
117.537
117.53
117.514
117.532
117.519
117.53
117.509
117.507
117.526
117.511
117.483
117.487
117.513
117.55
117.535
117.525
117.518
117.507
117.523
117.512
117.532
117.517
117.523
117.523
117.521
117.504
117.515
117.519
117.52
117.516
117.526
117.533
117.52
117.516
117.499
117.491
117.46
117.45
117.436
117.421
117.435
117.43
117.459
117.443
117.461
117.472
117.47
117.462
117.461
117.474
117.481
117.473
117.467
117.469
117.459
117.476
117.474
117.453
117.446
117.454
117.455
117.459
117.453
117.459
117.448
117.455
117.474
117.466
117.477
117.491
117.489
117.504
117.506
117.489
117.469
117.443
117.454
117.444
117.447
117.425
117.422
117.422
117.41
117.413
117.422
117.451
117.46
117.447
117.45
117.448
117.463
117.475
117.488
117.498
117.498
117.531
117.516
117.508
117.509
117.521
117.546
117.551
117.582
117.58
117.575
117.562
117.563
117.584
117.601
117.617
117.607
117.596
117.572
117.576
117.558
117.576
117.551
117.561
117.574
117.571
117.546
117.533
117.558
117.537
117.566
117.585
117.582
117.563
117.578
117.572
117.572
117.567
117.568
117.58
117.578
117.573
117.595
117.572
117.574
117.576
117.563
117.593
117.534
117.513
117.538
117.529
117.535
117.54
117.536
117.554
117.57
117.574
117.621
117.595
117.598
117.613
117.615
117.615
117.603
117.612
117.608
117.606
117.596
117.608
117.568
117.568
117.576
117.579
117.57
117.56
117.539
117.552
117.509
117.504
117.506
117.49
117.494
117.504
117.5
117.479
117.484
117.485
117.47
117.449
117.471
117.475
117.481
117.49
117.489
117.479
117.473
117.47
117.48
117.487
117.442
117.451
117.463
117.461
117.472
117.479
117.496
117.482
117.5
117.505
117.523
117.527
117.532
117.525
117.515
117.555
117.533
117.539
117.531
117.499
117.505
117.516
117.518
117.505
117.517
117.495
117.487
117.491
117.485
117.491
117.495
117.512
117.497
117.49
117.482
117.472
117.489
117.496
117.488
117.463
117.488
117.491
117.49
117.483
117.485
117.483
117.486
117.485
117.482
117.483
117.48
117.435
117.443
117.466
117.442
117.415
117.423
117.414
117.412
117.408
117.425
117.433
117.437
117.414
117.421
117.416
117.401
117.396
117.392
117.384
117.393
117.412
117.41
117.394
117.39
117.393
117.409
117.421
117.412
117.413
117.403
117.382
117.386
117.399
117.382
117.389
117.404
117.391
117.395
117.403
117.391
117.383
117.377
117.393
117.379
117.372
117.365
117.367
117.363
117.36
117.372
117.361
117.348
117.338
117.334
117.347
117.355
117.336
117.333
117.348
117.334
117.342
117.353
117.351
117.347
117.346
117.344
117.356
117.374
117.373
117.383
117.382
117.382
117.39
117.383
117.364
117.383
117.371
117.371
117.394
117.406
117.411
117.41
117.424
117.421
117.418
117.406
117.415
117.431
117.434
117.429
117.42
117.422
117.4
117.422
117.413
117.424
117.409
117.405
117.411
117.42
117.41
117.395
117.385
117.39
117.395
117.399
117.394
117.389
117.383
117.378
117.374
117.376
117.384
117.388
117.368
117.366
117.362
117.367
117.371
117.375
117.376
117.377
117.393
117.392
117.387
117.38
117.376
117.369
117.373
117.392
117.388
117.378
117.386
117.384
117.389
117.383
117.37
117.359
117.365
117.362
117.366
117.401
117.399
117.383
117.38
117.385
117.38
117.384
117.398
117.394
117.397
117.405
117.413
117.403
117.411
117.425
117.411
117.419
117.418
117.407
117.42
117.433
117.434
117.448
117.443
117.442
117.441
117.44
117.427
117.43
117.435
117.43
117.439
117.43
117.448
117.441
117.44
117.443
117.446
117.45
117.459
117.463
117.466
117.475
117.478
117.47
117.464
117.462
117.462
117.455
117.457
117.452
117.453
117.45
117.459
117.473
117.479
117.473
117.472
117.475
117.471
117.459
117.45
117.474
117.474
117.48
117.479
117.473
117.482
117.487
117.479
117.48
117.468
117.475
117.477
117.48
117.484
117.492
117.5
117.49
117.472
117.477
117.475
117.466
117.47
117.469
117.472
117.471
117.476
117.491
117.498
117.501
117.499
117.496
117.493
117.489
117.49
117.49
117.491
117.493
117.497
117.484
117.477
117.478
117.477
117.462
117.467
117.449
117.462
117.462
117.464
117.472
117.464
117.46
117.483
117.489
117.51
117.508
117.506
117.48
117.477
117.475
117.463
117.449
117.443
117.446
117.45
117.45
117.435
117.441
117.431
117.423
117.426
117.423
117.417
117.417
117.412
117.425
117.432
117.439
117.434
117.429
117.429
117.43
117.427
117.427
117.43
117.421
117.424
117.417
117.426
117.427
117.429
117.435
117.437
117.44
117.429
117.432
117.426
117.427
117.431
117.431
117.43
117.434
117.43
117.423
117.423
117.445
117.446
117.444
117.444
117.442
117.444
117.45
117.457
117.46
117.457
117.47
117.472
117.482
117.485
117.498
117.486
117.484
117.494
117.472
117.474
117.473
117.477
117.465
117.464
117.466
117.433
117.434
117.433
117.434
117.441
117.441
117.437
117.436
117.459
117.461
117.46
117.434
117.461
117.457
117.457
117.456
117.456
117.457
117.461
117.46
117.459
117.457
117.458
117.43
117.432
117.433
117.44
117.441
117.44
117.439
117.435
117.434
117.437
117.462
117.453
117.446
117.442
117.442
117.441
117.452
117.435
117.435
117.433
117.451
117.446
117.451
117.45
117.452
117.462
117.466
117.461
117.459
117.46
117.463
117.454
117.457
117.453
117.441
117.446
117.449
117.437
117.451
117.449
117.46
117.46
117.465
117.466
117.468
117.462
117.458
117.46
117.454
117.45
117.447
117.447
117.468
117.466
117.47
117.475
117.473
117.458
117.458
117.452
117.446
117.444
117.439
117.439
117.44
117.448
117.448
117.443
117.438
117.433
117.435
117.442
117.444
117.458
117.461
117.461
117.473
117.462
117.453
117.451
117.454
117.458
117.468
117.466
117.467
117.469
117.476
117.474
117.483
117.48
117.482
117.483
117.482
117.481
117.477
117.475
117.471
117.467
117.472
117.474
117.479
117.475
117.479
117.462
117.471
117.474
117.486
117.483
117.48
117.473
117.463
117.463
117.462
117.462
117.447
117.45
117.459
117.46
117.46
117.458
117.453
117.462
117.474
117.482
117.476
117.478
117.484
117.481
117.475
117.467
117.485
117.473
117.478
117.468
117.47
117.472
117.469
117.467
117.468
117.461
117.454
117.456
117.445
117.453
117.448
117.463
117.451
117.451
117.452
117.449
117.451
117.452
117.45
117.456
117.449
117.444
117.463
117.446
117.445
117.427
117.416
117.399
117.384
117.392
117.38
117.385
117.353
117.356
117.344
117.339
117.358
117.345
117.345
117.356
117.358
117.333
117.331
117.335
117.318
117.308
117.287
117.27
117.26
117.271
117.254
117.273
117.285
117.29
117.29
117.276
117.291
117.279
117.273
117.286
117.313
117.318
117.313
117.31
117.328
117.32
117.311
117.311
117.308
117.342
117.353
117.383
117.365
117.356
117.371
117.365
117.364
117.39
117.384
117.38
117.385
117.379
117.376
117.366
117.372
117.38
117.385
117.388
117.387
117.411
117.397
117.413
117.413
117.419
117.411
117.417
117.428
117.43
117.417
117.417
117.434
117.424
117.418
117.41
117.406
117.406
117.401
117.388
117.383
117.376
117.37
117.367
117.372
117.373
117.375
117.392
117.385
117.405
117.395
117.392
117.382
117.383
117.379
117.382
117.393
117.394
117.391
117.406
117.385
117.384
117.408
117.399
117.388
117.393
117.394
117.406
117.407
117.422
117.417
117.418
117.407
117.417
117.421
117.424
117.414
117.414
117.424
117.43
117.416
117.412
117.42
117.417
117.409
117.411
117.408
117.402
117.402
117.405
117.417
117.422
117.43
117.414
117.411
117.404
117.398
117.397
117.393
117.385
117.381
117.365
117.368
117.362
117.365
117.367
117.361
117.358
117.364
117.361
117.364
117.361
117.38
117.377
117.382
117.384
117.377
117.38
117.372
117.366
117.381
117.384
117.391
117.4
117.404
117.416
117.411
117.43
117.416
117.425
117.421
117.423
117.426
117.424
117.435
117.439
117.443
117.448
117.445
117.439
117.444
117.443
117.437
117.435
117.432
117.431
117.427
117.438
117.448
117.435
117.441
117.446
117.443
117.44
117.453
117.445
117.451
117.442
117.431
117.426
117.415
117.416
117.416
117.408
117.402
117.39
117.384
117.384
117.378
117.378
117.384
117.384
117.393
117.399
117.398
117.41
117.411
117.409
117.414
117.408
117.399
117.4
117.393
117.398
117.397
117.39
117.386
117.379
117.382
117.387
117.379
117.387
117.383
117.383
117.389
117.383
117.384
117.385
117.388
117.386
117.386
117.38
117.376
117.387
117.392
117.393
117.399
117.397
117.408
117.409
117.402
117.408
117.391
117.393
117.393
117.385
117.387
117.383
117.379
117.383
117.39
117.407
117.41
117.417
117.403
117.386
117.391
117.394
117.392
117.405
117.403
117.408
117.409
117.41
117.432
117.429
117.433
117.433
117.442
117.435
117.442
117.441
117.424
117.424
117.426
117.425
117.422
117.42
117.417
117.425
117.416
117.417
117.412
117.41
117.411
117.413
117.411
117.415
117.41
117.406
117.409
117.399
117.404
117.416
117.414
117.419
117.42
117.405
117.405
117.399
117.401
117.389
117.392
117.386
117.379
117.384
117.384
117.386
117.388
117.39
117.39
117.4
117.389
117.39
117.391
117.393
117.386
117.395
117.381
117.383
117.383
117.369
117.36
117.373
117.379
117.393
117.406
117.395
117.387
117.382
117.371
117.353
117.356
117.335
117.318
117.303
117.294
117.306
117.299
117.291
117.302
117.323
117.305
117.303
117.302
117.324
117.32
117.315
117.319
117.326
117.322
117.319
117.322
117.329
117.319
117.318
117.315
117.299
117.304
117.326
117.329
117.323
117.314
117.332
117.316
117.326
117.304
117.308
117.322
117.313
117.312
117.308
117.319
117.318
117.324
117.31
117.304
117.314
117.318
117.316
117.31
117.313
117.326
117.364
117.383
117.392
117.383
117.386
117.387
117.374
117.358
117.367
117.336
117.335
117.345
117.314
117.329
117.347
117.369
117.357
117.365
117.38
117.383
117.381
117.417
117.399
117.399
117.401
117.392
117.421
117.433
117.42
117.418
117.425
117.435
117.432
117.458
117.455
117.464
117.45
117.425
117.444
117.437
117.429
117.436
117.422
117.435
117.449
117.437
117.45
117.448
117.435
117.431
117.443
117.419
117.441
117.446
117.431
117.42
117.412
117.408
117.398
117.395
117.41
117.437
117.377
117.381
117.349
117.344
117.356
117.313
117.328
117.328
117.326
117.343
117.325
117.318
117.325
117.329
117.344
117.353
117.358
117.355
117.362
117.354
117.354
117.394
117.446
117.455
117.469
117.489
117.466
117.483
117.477
117.48
117.492
117.512
117.509
117.51
117.512
117.473
117.488
117.475
117.479
117.489
117.511
117.509
117.501
117.641
117.583
117.603
117.59
117.55
117.554
117.568
117.526
117.508
117.514
117.5
117.48
117.426
117.423
117.437
117.416
117.42
117.418
117.442
117.443
117.428
117.427
117.404
117.4
117.409
117.407
117.399
117.383
117.363
117.369
117.373
117.355
117.367
117.378
117.353
117.339
117.322
117.323
117.334
117.353
117.357
117.369
117.374
117.378
117.374
117.382
117.396
117.391
117.394
117.386
117.369
117.359
117.351
117.367
117.367
117.353
117.357
117.351
117.365
117.363
117.367
117.363
117.343
117.35
117.335
117.341
117.348
117.35
117.328
117.346
117.36
117.318
117.303
117.322
117.337
117.35
117.335
117.311
117.315
117.309
117.311
117.312
117.292
117.326
117.327
117.352
117.332
117.347
117.346
117.346
117.332
117.337
117.317
117.317
117.313
117.314
117.309
117.315
117.315
117.308
117.294
117.29
117.298
117.289
117.302
117.308
117.299
117.304
117.292
117.303
117.317
117.321
117.325
117.319
117.308
117.291
117.308
117.28
117.273
117.278
117.286
117.281
117.288
117.289
117.292
117.291
117.291
117.283
117.299
117.305
117.315
117.315
117.325
117.311
117.328
117.338
117.324
117.322
117.324
117.31
117.317
117.304
117.307
117.315
117.348
117.336
117.342
117.339
117.351
117.351
117.378
117.38
117.394
117.4
117.399
117.395
117.385
117.409
117.409
117.412
117.406
117.424
117.417
117.425
117.425
117.415
117.402
117.406
117.392
117.421
117.404
117.397
117.407
117.378
117.365
117.335
117.335
117.326
117.313
117.291
117.258
117.268
117.265
117.287
117.274
117.265
117.269
117.277
117.282
117.262
117.257
117.228
117.237
117.235
117.189
117.16
117.183
117.197
117.178
117.158
117.156
117.141
117.136
117.116
117.109
117.1
117.104
117.126
117.14
117.147
117.144
117.141
117.129
117.143
117.136
117.152
117.169
117.182
117.183
117.205
117.206
117.193
117.188
117.191
117.172
117.196
117.184
117.197
117.181
117.182
117.192
117.216
117.219
117.267
117.291
117.292
117.292
117.314
117.33
117.335
117.35
117.311
117.307
117.29
117.284
117.287
117.3
117.321
117.341
117.339
117.316
117.332
117.308
117.308
117.301
117.293
117.255
117.262
117.266
117.279
117.266
117.275
117.285
117.268
117.275
117.264
117.23
117.24
117.251
117.259
117.231
117.238
117.245
117.245
117.235
117.249
117.26
117.259
117.283
117.283
117.28
117.288
117.308
117.313
117.332
117.318
117.323
117.34
117.349
117.344
117.348
117.335
117.311
117.333
117.34
117.331
117.316
117.316
117.299
117.278
117.273
117.274
117.269
117.271
117.273
117.286
117.279
117.304
117.317
117.324
117.328
117.322
117.302
117.3
117.304
117.307
117.315
117.335
117.343
117.364
117.343
117.32
117.157
117.128
117.094
117.125
117.17
117.124
117.11
117.087
117.119
117.143
117.162
117.17
117.123
117.119
117.14
117.149
117.116
117.12
117.113
117.124
117.16
117.196
117.173
117.184
117.191
117.171
117.216
117.215
117.18
117.178
117.188
117.203
117.186
117.205
117.213
117.204
117.221
117.189
117.222
117.235
117.217
117.205
117.189
117.18
117.18
117.241
117.251
117.245
117.234
117.228
117.207
117.185
117.198
117.179
117.202
117.194
117.177
117.171
117.184
117.187
117.194
117.207
117.205
117.233
117.243
117.253
117.264
117.304
117.328
117.325
117.318
117.332
117.315
117.318
117.348
117.335
117.337
117.335
117.341
117.389
117.403
117.385
117.407
117.418
117.418
117.414
117.409
117.395
117.399
117.393
117.398
117.399
117.39
117.377
117.381
117.379
117.359
117.37
117.348
117.349
117.344
117.353
117.341
117.363
117.387
117.36
117.355
117.366
117.365
117.368
117.36
117.356
117.355
117.344
117.354
117.355
117.347
117.343
117.335
117.329
117.362
117.364
117.374
117.375
117.381
117.39
117.4
117.409
117.404
117.401
117.399
117.4
117.396
117.39
117.381
117.383
117.384
117.378
117.375
117.37
117.371
117.375
117.368
117.373
117.371
117.383
117.384
117.381
117.377
117.362
117.363
117.371
117.367
117.366
117.351
117.36
117.35
117.357
117.36
117.357
117.373
117.377
117.375
117.377
117.367
117.362
117.351
117.36
117.362
117.349
117.347
117.335
117.329
117.333
117.331
117.328
117.34
117.323
117.327
117.317
117.313
117.315
117.329
117.322
117.326
117.324
117.341
117.347
117.338
117.335
117.333
117.328
117.325
117.333
117.33
117.317
117.326
117.331
117.332
117.336
117.332
117.325
117.333
117.337
117.375
117.349
117.35
117.362
117.351
117.336
117.326
117.338
117.334
117.342
117.345
117.343
117.34
117.34
117.353
117.347
117.373
117.385
117.393
117.4
117.401
117.388
117.401
117.404
117.405
117.399
117.405
117.398
117.391
117.394
117.37
117.367
117.355
117.364
117.36
117.358
117.345
117.34
117.333
117.319
117.324
117.327
117.312
117.323
117.334
117.317
117.314
117.311
117.307
117.31
117.313
117.308
117.305
117.304
117.292
117.283
117.291
117.295
117.302
117.301
117.303
117.305
117.32
117.324
117.32
117.324
117.32
117.33
117.32
117.325
117.335
117.332
117.325
117.328
117.328
117.334
117.332
117.336
117.336
117.333
117.335
117.335
117.335
117.335
117.334
117.316
117.322
117.321
117.317
117.312
117.31
117.295
117.292
117.286
117.289
117.295
117.283
117.266
117.265
117.27
117.261
117.255
117.252
117.252
117.258
117.254
117.257
117.229
117.224
117.238
117.231
117.24
117.242
117.229
117.224
117.234
117.224
117.232
117.232
117.229
117.231
117.23
117.227
117.219
117.211
117.214
117.209
117.198
117.193
117.198
117.202
117.199
117.2
117.19
117.204
117.206
117.214
117.213
117.212
117.212
117.223
117.214
117.22
117.217
117.214
117.214
117.225
117.225
117.225
117.231
117.234
117.247
117.25
117.25
117.239
117.232
117.217
117.22
117.206
117.211
117.204
117.201
117.201
117.201
117.214
117.218
117.216
117.207
117.217
117.215
117.223
117.224
117.229
117.23
117.225
117.23
117.229
117.231
117.236
117.232
117.235
117.232
117.233
117.246
117.246
117.244
117.244
117.243
117.238
117.24
117.228
117.226
117.22
117.211
117.209
117.216
117.22
117.221
117.214
117.211
117.21
117.2
117.199
117.196
117.196
117.198
117.198
117.2
117.2
117.2
117.206
117.214
117.212
117.211
117.205
117.206
117.206
117.215
117.214
117.217
117.225
117.22
117.221
117.217
117.248
117.246
117.248
117.232
117.214
117.244
117.237
117.244
117.224
117.229
117.233
117.223
117.229
117.238
117.253
117.255
117.226
117.244
117.238
117.235
117.244
117.247
117.243
117.256
117.267
117.26
117.249
117.257
117.263
117.225
117.238
117.26
117.263
117.263
117.253
117.253
117.257
117.261
117.238
117.239
117.242
117.252
117.251
117.251
117.248
117.253
117.251
117.247
117.247
117.248
117.248
117.267
117.234
117.225
117.231
117.233
117.238
117.24
117.241
117.241
117.24
117.242
117.241
117.24
117.24
117.241
117.251
117.245
117.241
117.244
117.249
117.247
117.241
117.241
117.248
117.257
117.257
117.264
117.27
117.274
117.269
117.277
117.276
117.28
117.28
117.27
117.256
117.253
117.258
117.263
117.264
117.268
117.271
117.283
117.284
117.289
117.283
117.282
117.282
117.282
117.281
117.28
117.281
117.282
117.28
117.282
117.28
117.28
117.273
117.265
117.264
117.271
117.264
117.256
117.25
117.249
117.248
117.248
117.257
117.264
117.233
117.255
117.27
117.275
117.275
117.273
117.276
117.272
117.273
117.267
117.274
117.276
117.277
117.279
117.278
117.283
117.284
117.279
117.286
117.283
117.285
117.28
117.281
117.286
117.28
117.267
117.249
117.248
117.268
117.261
117.264
117.272
117.276
117.283
117.277
117.284
117.283
117.282
117.269
117.262
117.265
117.26
117.263
117.267
117.27
117.244
117.258
117.266
117.264
117.26
117.235
117.243
117.241
117.24
117.268
117.286
117.29
117.292
117.297
117.318
117.329
117.325
117.323
117.331
117.346
117.352
117.344
117.342
117.336
117.338
117.331
117.338
117.33
117.326
117.308
117.305
117.29
117.278
117.275
117.275
117.269
117.284
117.286
117.292
117.294
117.277
117.253
117.259
117.256
117.249
117.237
117.234
117.242
117.246
117.257
117.276
117.282
117.264
117.261
117.269
117.269
117.258
117.245
117.264
117.28
117.287
117.274
117.276
117.282
117.281
117.263
117.26
117.273
117.276
117.282
117.299
117.304
117.306
117.31
117.316
117.332
117.32
117.313
117.314
117.303
117.309
117.303
117.309
117.315
117.31
117.3
117.298
117.298
117.297
117.29
117.291
117.292
117.289
117.285
117.279
117.289
117.292
117.288
117.286
117.278
117.265
117.258
117.269
117.278
117.273
117.28
117.285
117.295
117.297
117.303
117.304
117.305
117.301
117.292
117.296
117.296
117.297
117.299
117.293
117.302
117.302
117.302
117.294
117.294
117.3
117.283
117.277
117.286
117.287
117.293
117.296
117.287
117.298
117.292
117.283
117.274
117.261
117.261
117.255
117.264
117.268
117.266
117.256
117.259
117.248
117.264
117.254
117.258
117.259
117.261
117.257
117.263
117.264
117.261
117.259
117.246
117.244
117.241
117.226
117.215
117.198
117.209
117.22
117.228
117.235
117.242
117.233
117.243
117.232
117.24
117.24
117.228
117.234
117.232
117.229
117.228
117.221
117.231
117.229
117.223
117.224
117.211
117.219
117.221
117.224
117.219
117.224
117.209
117.212
117.221
117.223
117.228
117.224
117.222
117.213
117.219
117.204
117.199
117.203
117.198
117.195
117.208
117.204
117.209
117.206
117.206
117.202
117.201
117.205
117.205
117.206
117.202
117.209
117.207
117.203
117.212
117.212
117.222
117.214
117.214
117.212
117.209
117.21
117.214
117.214
117.213
117.208
117.209
117.213
117.212
117.212
117.214
117.217
117.222
117.216
117.219
117.218
117.214
117.218
117.215
117.217
117.213
117.211
117.211
117.206
117.206
117.207
117.202
117.203
117.201
117.203
117.201
117.196
117.193
117.187
117.178
117.177
117.171
117.168
117.185
117.193
117.193
117.194
117.193
117.184
117.176
117.182
117.187
117.184
117.189
117.192
117.193
117.193
117.196
117.204
117.199
117.188
117.183
117.184
117.177
117.183
117.184
117.188
117.188
117.187
117.186
117.197
117.197
117.201
117.205
117.208
117.215
117.209
117.219
117.223
117.211
117.203
117.199
117.195
117.192
117.195
117.196
117.19
117.188
117.191
117.193
117.195
117.199
117.191
117.184
117.19
117.197
117.218
117.203
117.201
117.206
117.208
117.221
117.217
117.21
117.225
117.23
117.228
117.227
117.219
117.215
117.217
117.22
117.218
117.221
117.216
117.213
117.216
117.214
117.21
117.204
117.209
117.21
117.206
117.199
117.199
117.192
117.196
117.203
117.204
117.201
117.2
117.199
117.2
117.203
117.2
117.196
117.194
117.191
117.18
117.177
117.177
117.173
117.175
117.176
117.184
117.187
117.179
117.185
117.202
117.176
117.179
117.191
117.194
117.191
117.183
117.176
117.191
117.181
117.198
117.207
117.203
117.221
117.215
117.222
117.219
117.217
117.222
117.223
117.228
117.225
117.224
117.216
117.226
117.217
117.221
117.22
117.227
117.215
117.212
117.217
117.214
117.212
117.211
117.218
117.214
117.222
117.22
117.228
117.196
117.206
117.225
117.211
117.219
117.218
117.214
117.215
117.206
117.208
117.204
117.216
117.227
117.22
117.22
117.209
117.213
117.21
117.205
117.175
117.167
117.157
117.122
117.107
117.118
117.103
117.148
117.154
117.163
117.163
117.155
117.161
117.157
117.167
117.178
117.176
117.16
117.182
117.174
117.184
117.172
117.151
117.149
117.133
117.09
117.1
117.112
117.119
117.113
117.101
117.093
117.108
117.119
117.117
117.11
117.112
117.127
117.126
117.133
117.116
117.135
117.137
117.138
117.146
117.132
117.12
117.127
117.126
117.129
117.128
117.136
117.134
117.14
117.126
117.127
117.147
117.146
117.123
117.14
117.119
117.128
117.138
117.145
117.125
117.132
117.155
117.15
117.155
117.166
117.169
117.171
117.187
117.172
117.186
117.186
117.172
117.164
117.165
117.161
117.151
117.166
117.155
117.147
117.155
117.165
117.161
117.157
117.136
117.142
117.172
117.168
117.181
117.181
117.175
117.17
117.182
117.189
117.193
117.19
117.189
117.177
117.18
117.18
117.175
117.179
117.179
117.173
117.183
117.195
117.181
117.185
117.185
117.184
117.192
117.19
117.2
117.204
117.21
117.204
117.187
117.176
117.185
117.181
117.183
117.205
117.188
117.191
117.177
117.186
117.182
117.197
117.199
117.202
117.194
117.186
117.178
117.175
117.2
117.191
117.204
117.215
117.237
117.234
117.231
117.219
117.215
117.211
117.21
117.225
117.209
117.205
117.206
117.231
117.227
117.233
117.213
117.212
117.201
117.207
117.216
117.23
117.232
117.233
117.224
117.229
117.224
117.238
117.244
117.227
117.22
117.224
117.231
117.231
117.231
117.24
117.235
117.209
117.208
117.207
117.2
117.195
117.194
117.189
117.204
117.201
117.209
117.201
117.212
117.211
117.225
117.219
117.215
117.219
117.213
117.225
117.218
117.212
117.211
117.214
117.212
117.208
117.212
117.212
117.216
117.207
117.199
117.203
117.202
117.188
117.195
117.204
117.22
117.203
117.199
117.204
117.217
117.216
117.204
117.219
117.222
117.22
117.227
117.223
117.211
117.216
117.217
117.214
117.216
117.219
117.221
117.22
117.219
117.218
117.22
117.212
117.227
117.217
117.212
117.228
117.234
117.234
117.247
117.246
117.247
117.242
117.224
117.197
117.196
117.208
117.198
117.2
117.194
117.191
117.208
117.21
117.218
117.201
117.2
117.205
117.193
117.215
117.221
117.212
117.218
117.207
117.208
117.22
117.204
117.206
117.219
117.217
117.18
117.193
117.191
117.202
117.208
117.209
117.199
117.215
117.216
117.22
117.207
117.216
117.226
117.23
117.219
117.233
117.257
117.248
117.229
117.223
117.233
117.224
117.225
117.216
117.214
117.213
117.215
117.217
117.213
117.194
117.191
117.19
117.191
117.198
117.194
117.193
117.207
117.213
117.226
117.219
117.219
117.229
117.23
117.209
117.221
117.218
117.223
117.208
117.201
117.225
117.239
117.23
117.22
117.228
117.211
117.199
117.182
117.168
117.18
117.205
117.216
117.209
117.328
117.286
117.307
117.343
117.328
117.286
117.254
117.206
117.235
117.241
117.262
117.24
117.236
117.243
117.268
117.285
117.248
117.226
117.217
117.23
117.258
117.304
117.293
117.314
117.34
117.354
117.356
117.396
117.402
117.444
117.369
117.414
117.384
117.377
117.399
117.392
117.366
117.362
117.358
117.366
117.379
117.37
117.379
117.4
117.41
117.41
117.423
117.406
117.404
117.397
117.412
117.392
117.406
117.409
117.395
117.379
117.371
117.374
117.377
117.387
117.364
117.412
117.405
117.384
117.365
117.363
117.37
117.375
117.374
117.373
117.351
117.35
117.355
117.383
117.372
117.367
117.395
117.365
117.352
117.348
117.388
117.39
117.391
117.385
117.429
117.435
117.434
117.425
117.432
117.453
117.462
117.476
117.465
117.465
117.463
117.464
117.442
117.412
117.405
117.389
117.352
117.374
117.358
117.367
117.382
117.404
117.393
117.399
117.398
117.41
117.415
117.402
117.409
117.41
117.419
117.405
117.386
117.397
117.403
117.406
117.404
117.381
117.406
117.418
117.43
117.417
117.427
117.441
117.43
117.415
117.401
117.388
117.364
117.369
117.369
117.378
117.362
117.366
117.377
117.373
117.401
117.402
117.387
117.403
117.384
117.398
117.407
117.383
117.343
117.332
117.358
117.351
117.369
117.359
117.363
117.376
117.356
117.354
117.334
117.352
117.341
117.331
117.331
117.345
117.367
117.358
117.354
117.339
117.357
117.356
117.359
117.355
117.334
117.33
117.332
117.321
117.335
117.327
117.333
117.327
117.341
117.336
117.332
117.322
117.325
117.323
117.313
117.312
117.301
117.303
117.299
117.294
117.311
117.323
117.322
117.312
117.307
117.32
117.327
117.334
117.339
117.341
117.336
117.331
117.328
117.326
117.32
117.318
117.321
117.313
117.313
117.311
117.313
117.315
117.325
117.323
117.318
117.325
117.326
117.325
117.313
117.31
117.309
117.302
117.297
117.303
117.314
117.31
117.306
117.313
117.308
117.311
117.298
117.306
117.307
117.327
117.334
117.334
117.332
117.338
117.337
117.339
117.352
117.347
117.348
117.346
117.358
117.364
117.367
117.366
117.364
117.367
117.369
117.363
117.359
117.373
117.374
117.386
117.382
117.385
117.392
117.387
117.386
117.384
117.389
117.372
117.364
117.376
117.386
117.383
117.383
117.383
117.379
117.385
117.383
117.382
117.385
117.368
117.353
117.331
117.34
117.347
117.357
117.352
117.352
117.357
117.353
117.339
117.345
117.351
117.349
117.35
117.346
117.345
117.335
117.334
117.333
117.342
117.345
117.344
117.351
117.351
117.369
117.362
117.362
117.367
117.37
117.364
117.339
117.346
117.343
117.343
117.347
117.339
117.339
117.348
117.355
117.351
117.345
117.344
117.339
117.35
117.342
117.335
117.34
117.339
117.335
117.329
117.34
117.346
117.358
117.354
117.354
117.334
117.328
117.338
117.343
117.347
117.356
117.352
117.35
117.338
117.349
117.346
117.334
117.337
117.346
117.355
117.361
117.364
117.362
117.36
117.36
117.37
117.371
117.364
117.357
117.352
117.348
117.349
117.341
117.339
117.339
117.339
117.342
117.337
117.349
117.354
117.352
117.36
117.367
117.365
117.368
117.365
117.362
117.354
117.358
117.35
117.347
117.343
117.336
117.332
117.331
117.334
117.33
117.337
117.344
117.341
117.34
117.366
117.355
117.347
117.34
117.34
117.337
117.342
117.339
117.342
117.342
117.333
117.341
117.336
117.337
117.339
117.334
117.337
117.333
117.342
117.347
117.353
117.352
117.349
117.348
117.348
117.345
117.344
117.344
117.342
117.342
117.348
117.343
117.342
117.343
117.355
117.35
117.348
117.353
117.351
117.348
117.348
117.346
117.348
117.354
117.353
117.349
117.35
117.348
117.352
117.352
117.352
117.36
117.34
117.338
117.336
117.333
117.329
117.327
117.321
117.327
117.331
117.33
117.341
117.345
117.342
117.348
117.339
117.329
117.328
117.328
117.324
117.326
117.328
117.332
117.326
117.329
117.328
117.329
117.329
117.33
117.329
117.331
117.333
117.335
117.337
117.339
117.337
117.339
117.34
117.341
117.341
117.34
117.347
117.346
117.342
117.348
117.347
117.339
117.345
117.344
117.336
117.336
117.328
117.327
117.326
117.341
117.332
117.365
117.354
117.36
117.365
117.359
117.349
117.358
117.36
117.361
117.365
117.354
117.355
117.368
