117.85211111111111
117.85622222222223
117.86033333333334
117.86444444444446
117.86855555555557
117.87266666666669
117.8767777777778
117.88088888888892
117.88500000000003
117.8785
117.872
117.8758
117.8796
117.8834
117.88719999999999
117.89099999999999
117.89479999999999
117.89859999999999
117.90239999999999
117.90619999999998
117.90999999999998
117.91379999999998
117.91759999999998
117.92139999999998
117.92519999999998
117.92899999999997
117.93279999999997
117.93659999999997
117.94039999999997
117.94419999999997
117.94799999999996
117.93549999999999
117.923
117.94
117.93333333333334
117.92666666666668
117.92000000000002
117.91333333333336
117.9066666666667
117.90000000000003
117.922
117.94399999999999
117.93622222222223
117.92844444444445
117.92066666666668
117.9128888888889
117.90511111111113
117.89733333333335
117.88955555555557
117.8817777777778
117.87400000000002
117.87833333333333
117.88266666666667
117.887
117.88374999999999
117.88049999999998
117.87724999999998
117.87399999999997
117.881
117.888
117.881
117.874
117.86699999999999
117.85999999999999
117.85299999999998
117.84599999999998
117.84983333333334
117.85366666666667
117.8575
117.86133333333333
117.86516666666667
117.869
117.87283333333333
117.87666666666667
117.8805
117.88433333333333
117.88816666666666
117.892
117.88757142857142
117.88314285714284
117.87871428571427
117.87428571428569
117.86985714285711
117.86542857142854
117.86099999999996
117.866
117.871
117.87599999999999
117.88099999999999
117.88599999999998
117.855
117.86033333333333
117.86566666666667
117.87100000000001
117.87633333333335
117.88166666666669
117.88700000000003
117.8796
117.87219999999999
117.86479999999999
117.85739999999998
117.84999999999998
117.854
117.858
117.86200000000001
117.86600000000001
117.87000000000002
117.86275
117.8555
117.84825000000001
117.84100000000001
117.858
117.8511
117.8442
117.8373
117.8304
117.8235
117.8166
117.80969999999999
117.80279999999999
117.79589999999999
117.78899999999999
117.80233333333334
117.81566666666667
117.82900000000001
117.793
117.79933333333334
117.80566666666667
117.812
117.788
117.79115384615385
117.7943076923077
117.79746153846155
117.8006153846154
117.80376923076925
117.8069230769231
117.81007692307695
117.8132307692308
117.81638461538465
117.8195384615385
117.82269230769235
117.8258461538462
117.82900000000005
117.818
117.807
117.811625
117.81625000000001
117.82087500000002
117.82550000000002
117.83012500000002
117.83475000000003
117.83937500000003
117.84400000000004
117.8352
117.8264
117.81760000000001
117.80880000000002
117.80000000000003
117.80685714285714
117.81371428571428
117.82057142857143
117.82742857142857
117.83428571428571
117.84114285714286
117.848
117.8395
117.831
117.8355
117.84
117.84450000000001
117.84900000000002
117.85350000000003
117.85800000000003
117.84542857142857
117.83285714285714
117.8202857142857
117.80771428571427
117.79514285714284
117.7825714285714
117.76999999999997
117.78444444444445
117.7988888888889
117.81333333333335
117.8277777777778
117.84222222222225
117.8566666666667
117.87111111111115
117.8855555555556
117.90000000000005
117.884
117.917
117.90820000000001
117.89940000000001
117.89060000000002
117.88180000000003
117.87300000000003
117.901
117.865
117.874625
117.88425
117.893875
117.9035
117.913125
117.92275
117.932375
117.942
117.9315
117.921
117.94340000000001
117.96580000000002
117.98820000000002
118.01060000000003
118.03300000000003
118.0255
118.018
118.045
118.027
118.009
117.991
117.973
117.992
118.01100000000001
118.03000000000002
118.02116666666667
118.01233333333334
118.00350000000002
117.99466666666669
117.98583333333336
117.97700000000003
117.992
117.9865
117.98100000000001
117.97550000000001
117.97000000000001
117.96450000000002
117.95900000000002
117.95350000000002
117.94800000000002
117.957
117.966
117.975
117.984
117.993
118.002
118.011
118.02
118.007
117.994
118.009
118.00225
117.9955
117.98875000000001
117.98200000000001
117.989
117.99600000000001
118.00300000000001
118.01000000000002
118.01700000000002
118.003
118.0185
118.034
118.04950000000001
118.06500000000001
118.045
118.025
118.038
118.05099999999999
118.06399999999998
118.05799999999999
118.05199999999999
118.04599999999999
118.056
118.06599999999999
118.07599999999998
118.06433333333332
118.05266666666665
118.04099999999998
118.06
118.07900000000001
118.09800000000001
118.09100000000001
118.084
118.101
118.118
118.10333333333332
118.08866666666665
118.07399999999998
118.09066666666666
118.10733333333333
118.124
118.11816666666667
118.11233333333334
118.10650000000001
118.10066666666668
118.09483333333336
118.08900000000003
118.10249999999999
118.11599999999999
118.097
118.07799999999999
118.05899999999998
118.0682
118.07740000000001
118.08660000000002
118.09580000000003
118.10500000000003
118.0982
118.09140000000001
118.08460000000001
118.07780000000001
118.07100000000001
118.081
118.09100000000001
118.10100000000001
118.11100000000002
118.12100000000002
118.13100000000003
118.14100000000003
118.12450000000001
118.108
118.132
118.1095
118.08699999999999
118.109
118.091
118.133
118.1283846153846
118.12376923076921
118.11915384615382
118.11453846153843
118.10992307692304
118.10530769230765
118.10069230769226
118.09607692307686
118.09146153846147
118.08684615384608
118.08223076923069
118.0776153846153
118.07299999999991
118.07624999999999
118.0795
118.08275
118.08600000000001
118.08166666666666
118.07733333333333
118.073
118.06866666666666
118.06433333333332
118.05999999999999
118.05566666666665
118.05133333333332
118.04699999999998
118.0575
118.06800000000001
118.06075
118.0535
118.04625
118.039
118.03175
118.0245
118.01725
118.01
118.01950000000001
118.02900000000001
118.03850000000001
118.04800000000002
118.034
118.04472727272727
118.05545454545454
118.0661818181818
118.07690909090907
118.08763636363634
118.0983636363636
118.10909090909087
118.11981818181813
118.1305454545454
118.14127272727266
118.15199999999993
118.12
118.088
118.102
118.068
118.096
118.08666666666667
118.07733333333334
118.06800000000001
118.083
118.06
118.0745
118.089
118.0792
118.0694
118.0596
118.0498
118.04
118.05000000000001
118.06
118.0375
118.01499999999999
118.026
118.03699999999999
118.04799999999999
118.05899999999998
118.04875
118.0385
118.02825
118.018
118.02266666666667
118.02733333333333
118.032
118.0135
117.995
118.00081818181819
118.00663636363637
118.01245454545456
118.01827272727274
118.02409090909093
118.02990909090911
118.0357272727273
118.04154545454548
118.04736363636367
118.05318181818186
118.05900000000004
118.0515
118.04400000000001
118.057
118.0535
118.05
118.0465
118.04299999999999
118.0505
118.05799999999999
118.0495
118.041
118.053
118.0506
118.04820000000001
118.04580000000001
118.04340000000002
118.04100000000003
118.04361538461538
118.04623076923076
118.04884615384614
118.05146153846152
118.0540769230769
118.05669230769229
118.05930769230767
118.06192307692305
118.06453846153843
118.06715384615381
118.0697692307692
118.07238461538458
118.07499999999996
118.0665
118.058
118.065
118.072
118.06833333333334
118.06466666666668
118.06100000000002
118.05733333333336
118.0536666666667
118.05000000000004
118.04633333333338
118.04266666666672
118.03900000000006
118.045
118.051
118.057
118.063
118.069
118.075
118.081
118.087
118.0725
118.058
118.07366666666667
118.08933333333333
118.10499999999999
118.09270000000001
118.08040000000001
118.06810000000002
118.05580000000002
118.04350000000002
118.03120000000003
118.01890000000003
118.00660000000003
117.99430000000004
117.98200000000004
117.99533333333333
118.00866666666667
118.022
118.003
118.02
118.008
117.996
118.00775
118.01950000000001
118.03125000000001
118.04300000000002
118.03875000000001
118.03450000000001
118.03025000000001
118.02600000000001
118.03155555555556
118.03711111111112
118.04266666666668
118.04822222222224
118.0537777777778
118.05933333333336
118.06488888888892
118.07044444444448
118.07600000000004
118.062
118.088
118.08033333333333
118.07266666666666
118.065
118.08766666666666
118.11033333333333
118.133
118.12049999999999
118.108
118.1134
118.1188
118.12419999999999
118.12959999999998
118.13499999999998
118.12950000000001
118.12400000000001
118.11850000000001
118.11300000000001
118.10750000000002
118.10200000000002
118.09650000000002
118.09100000000002
118.08550000000002
118.08000000000003
118.07450000000003
118.06900000000003
118.06350000000003
118.05800000000004
118.05250000000004
118.04700000000004
118.04150000000004
118.03600000000004
118.0448
118.05359999999999
118.06239999999998
118.07119999999998
118.07999999999997
118.072
118.06400000000001
118.05600000000001
118.06966666666666
118.08333333333333
118.097
118.08183333333332
118.06666666666666
118.0515
118.03633333333335
118.02116666666669
118.00600000000003
118.0154
118.0248
118.0342
118.0436
118.053
118.048
118.043
118.03800000000001
118.03300000000002
118.061
118.048
118.05366666666667
118.05933333333334
118.06500000000001
118.07066666666668
118.07633333333335
118.08200000000002
118.08766666666669
118.09333333333336
118.09900000000003
118.0942
118.0894
118.0846
118.07979999999999
118.07499999999999
118.082
118.089
118.0748
118.0606
118.04639999999999
118.03219999999999
118.01799999999999
118.044
118.07
118.035
118
117.965
118.01599999999999
118.06699999999998
117.982
118.001
117.97736363636363
117.95372727272726
117.9300909090909
117.90645454545452
117.88281818181815
117.85918181818178
117.83554545454541
117.81190909090904
117.78827272727267
117.7646363636363
117.74099999999993
117.75366666666666
117.76633333333332
117.77899999999998
117.74733333333333
117.71566666666666
117.684
117.69579999999999
117.70759999999999
117.71939999999998
117.73119999999997
117.74299999999997
117.7355
117.72800000000001
117.76849999999999
117.809
117.785
117.79299999999999
117.80099999999999
117.80899999999998
117.81699999999998
117.80858333333333
117.80016666666667
117.79175000000001
117.78333333333335
117.77491666666668
117.76650000000002
117.75808333333336
117.7496666666667
117.74125000000004
117.73283333333337
117.72441666666671
117.71600000000005
117.73179999999999
117.74759999999999
117.76339999999999
117.77919999999999
117.79499999999999
117.7805
117.766
117.778
117.7668
117.7556
117.7444
117.7332
117.722
117.7306
117.7392
117.7478
117.7564
117.765
117.76066666666667
117.75633333333333
117.752
117.784
117.77675
117.76950000000001
117.76225000000001
117.75500000000001
117.778
117.77000000000001
117.762
117.767
117.77199999999999
117.77699999999999
117.78199999999998
117.76883333333333
117.75566666666667
117.7425
117.72933333333334
117.71616666666668
117.70300000000002
117.7185
117.73400000000001
117.72749999999999
117.721
117.73750000000001
117.75400000000002
117.737
117.72
117.73
117.74000000000001
117.75000000000001
117.76000000000002
117.77000000000002
117.757
117.77
117.76249999999999
117.755
117.7638
117.77260000000001
117.78140000000002
117.79020000000003
117.79900000000004
117.79552173913044
117.79204347826087
117.7885652173913
117.78508695652172
117.78160869565215
117.77813043478258
117.77465217391301
117.77117391304344
117.76769565217387
117.7642173913043
117.76073913043473
117.75726086956516
117.75378260869559
117.75030434782602
117.74682608695645
117.74334782608688
117.7398695652173
117.73639130434773
117.73291304347816
117.72943478260859
117.72595652173902
117.72247826086945
117.71899999999988
117.734
117.72633333333333
117.71866666666666
117.711
117.70333333333333
117.69566666666667
117.688
117.813
117.795
117.834
117.8185
117.803
117.7875
117.77199999999999
117.791
117.7786
117.7662
117.7538
117.7414
117.729
117.73514285714286
117.74128571428572
117.74742857142859
117.75357142857145
117.75971428571431
117.76585714285717
117.77200000000003
117.7781428571429
117.78428571428576
117.79042857142862
117.79657142857148
117.80271428571434
117.8088571428572
117.81500000000007
117.82114285714293
117.8272857142858
117.83342857142866
117.83957142857152
117.84571428571438
117.85185714285724
117.8580000000001
117.84740000000001
117.83680000000001
117.82620000000001
117.81560000000002
117.80500000000002
117.8115
117.81799999999998
117.8085
117.79899999999999
117.78949999999999
117.77999999999999
117.786
117.792
117.77925
117.76650000000001
117.75375000000001
117.74100000000001
117.7498
117.75859999999999
117.76739999999998
117.77619999999997
117.78499999999997
117.758
117.731
117.7372
117.74340000000001
117.74960000000002
117.75580000000002
117.76200000000003
117.732
117.7354
117.7388
117.7422
117.7456
117.749
117.74249999999999
117.73599999999999
117.72949999999999
117.72299999999998
117.71649999999998
117.70999999999998
117.70349999999998
117.69699999999997
117.69989473684211
117.70278947368422
117.70568421052633
117.70857894736844
117.71147368421055
117.71436842105265
117.71726315789476
117.72015789473687
117.72305263157898
117.72594736842109
117.7288421052632
117.7317368421053
117.73463157894741
117.73752631578952
117.74042105263163
117.74331578947374
117.74621052631585
117.74910526315796
117.75200000000007
117.744
117.736
117.744
117.752
117.7468
117.74159999999999
117.73639999999999
117.73119999999999
117.72599999999998
117.72933333333333
117.73266666666666
117.73599999999999
117.73933333333332
117.74266666666665
117.74599999999998
117.7355
117.725
117.72872222222222
117.73244444444444
117.73616666666666
117.73988888888888
117.74361111111111
117.74733333333333
117.75105555555555
117.75477777777778
117.7585
117.76222222222222
117.76594444444444
117.76966666666667
117.77338888888889
117.77711111111111
117.78083333333333
117.78455555555556
117.78827777777778
117.792
117.78
117.78266666666667
117.78533333333334
117.78800000000001
117.79066666666668
117.79333333333335
117.79600000000002
117.79866666666669
117.80133333333336
117.80400000000003
117.8066666666667
117.80933333333337
117.81200000000004
117.81466666666671
117.81733333333338
117.82000000000005
117.82266666666672
117.82533333333339
117.82800000000006
117.83066666666673
117.8333333333334
117.83600000000007
117.8336
117.83120000000001
117.82880000000002
117.82640000000002
117.82400000000003
117.82160000000003
117.81920000000004
117.81680000000004
117.81440000000005
117.81200000000005
117.817
117.82199999999999
117.82699999999998
117.83199999999998
117.83699999999997
117.8275
117.818
117.823
117.82799999999999
117.83299999999998
117.83799999999998
117.84299999999998
117.836
117.829
117.83099999999999
117.83299999999998
117.83499999999998
117.83699999999997
117.83899999999997
117.84099999999997
117.84299999999996
117.84499999999996
117.84699999999995
117.84899999999995
117.85099999999994
117.85299999999994
117.85499999999993
117.85699999999993
117.85899999999992
117.86099999999992
117.85719047619048
117.85338095238096
117.84957142857144
117.84576190476191
117.84195238095239
117.83814285714287
117.83433333333335
117.83052380952383
117.8267142857143
117.82290476190478
117.81909523809526
117.81528571428574
117.81147619047621
117.80766666666669
117.80385714285717
117.80004761904765
117.79623809523812
117.7924285714286
117.78861904761908
117.78480952380956
117.78100000000003
117.78483333333334
117.78866666666667
117.7925
117.79633333333334
117.80016666666667
117.804
117.79842857142857
117.79285714285714
117.78728571428572
117.78171428571429
117.77614285714286
117.77057142857143
117.765
117.767
117.76899999999999
117.77099999999999
117.77299999999998
117.77499999999998
117.77699999999997
117.77899999999997
117.78099999999996
117.78299999999996
117.77433333333333
117.76566666666666
117.75699999999999
117.76
117.763
117.766
117.769
117.772
117.775
117.778
117.781
117.7774
117.7738
117.77019999999999
117.76659999999998
117.76299999999998
117.7685
117.774
117.7795
117.785
117.7905
117.79599999999999
117.79333333333334
117.79066666666667
117.788
117.78533333333333
117.78266666666666
117.77999999999999
117.77733333333332
117.77466666666665
117.77199999999998
117.77409090909092
117.77618181818183
117.77827272727274
117.78036363636365
117.78245454545456
117.78454545454547
117.78663636363638
117.78872727272729
117.7908181818182
117.7929090909091
117.79500000000002
117.7885
117.782
117.7755
117.76899999999999
117.76249999999999
117.75599999999999
117.7602
117.7644
117.76859999999999
117.77279999999999
117.77699999999999
117.77558333333333
117.77416666666666
117.77274999999999
117.77133333333332
117.76991666666665
117.76849999999997
117.7670833333333
117.76566666666663
117.76424999999996
117.76283333333329
117.76141666666662
117.75999999999995
117.799
117.78450000000001
117.77000000000001
117.797
117.79424999999999
117.79149999999998
117.78874999999998
117.78599999999997
117.78324999999997
117.78049999999996
117.77774999999995
117.77499999999995
117.77224999999994
117.76949999999994
117.76674999999993
117.76399999999992
117.77066666666667
117.77733333333335
117.78400000000002
117.78166666666667
117.77933333333333
117.77699999999999
117.77466666666665
117.77233333333331
117.76999999999997
117.76766666666663
117.76533333333329
117.76299999999995
117.76066666666661
117.75833333333327
117.75599999999993
117.760375
117.76474999999999
117.76912499999999
117.77349999999998
117.77787499999998
117.78224999999998
117.78662499999997
117.79099999999997
117.759
117.7675
117.776
117.762
117.77
117.77799999999999
117.78599999999999
117.782
117.77799999999999
117.77399999999999
117.76999999999998
117.773
117.776
117.779
117.782
117.785
117.77125
117.7575
117.74374999999999
117.72999999999999
117.73175
117.7335
117.73525000000001
117.73700000000001
117.73875000000001
117.74050000000001
117.74225000000001
117.74400000000001
117.74575000000002
117.74750000000002
117.74925000000002
117.75100000000002
117.75275000000002
117.75450000000002
117.75625000000002
117.75800000000002
117.75975000000003
117.76150000000003
117.76325000000003
117.76500000000003
117.76675000000003
117.76850000000003
117.77025000000003
117.77200000000003
117.77375000000004
117.77550000000004
117.77725000000004
117.77900000000004
117.78075000000004
117.78250000000004
117.78425000000004
117.78600000000004
117.78775000000005
117.78950000000005
117.79125000000005
117.79300000000005
117.7885
117.78399999999999
117.77949999999998
117.77499999999998
117.7835
117.792
117.78987878787879
117.78775757575758
117.78563636363637
117.78351515151516
117.78139393939395
117.77927272727274
117.77715151515153
117.77503030303032
117.77290909090911
117.7707878787879
117.76866666666669
117.76654545454548
117.76442424242427
117.76230303030306
117.76018181818185
117.75806060606064
117.75593939393943
117.75381818181822
117.75169696969701
117.7495757575758
117.74745454545459
117.74533333333338
117.74321212121217
117.74109090909096
117.73896969696975
117.73684848484854
117.73472727272733
117.73260606060612
117.7304848484849
117.7283636363637
117.72624242424249
117.72412121212128
117.72200000000007
117.72983333333333
117.73766666666667
117.7455
117.75333333333334
117.76116666666668
117.76900000000002
117.76585714285714
117.76271428571428
117.75957142857142
117.75642857142856
117.7532857142857
117.75014285714283
117.74699999999997
117.75030434782609
117.75360869565218
117.75691304347826
117.76021739130435
117.76352173913044
117.76682608695653
117.77013043478262
117.7734347826087
117.77673913043479
117.78004347826088
117.78334782608697
117.78665217391305
117.78995652173914
117.79326086956523
117.79656521739132
117.7998695652174
117.8031739130435
117.80647826086958
117.80978260869567
117.81308695652176
117.81639130434785
117.81969565217393
117.82300000000002
117.79
117.79533333333333
117.80066666666666
117.80599999999998
117.8
117.794
117.79974999999999
117.8055
117.81125
117.81700000000001
117.80866666666665
117.80033333333333
117.792
117.78366666666668
117.77533333333335
117.76700000000002
117.78649999999999
117.80599999999998
117.80033333333333
117.79466666666666
117.78899999999999
117.7932
117.7974
117.8016
117.80579999999999
117.80999999999999
117.801
117.792
117.783
117.78627272727273
117.78954545454546
117.79281818181819
117.79609090909092
117.79936363636365
117.80263636363638
117.80590909090911
117.80918181818184
117.81245454545457
117.8157272727273
117.81900000000003
117.816625
117.81425
117.811875
117.8095
117.807125
117.80475
117.802375
117.8
117.812
117.824
117.836
117.83135294117648
117.82670588235295
117.82205882352943
117.81741176470591
117.81276470588239
117.80811764705886
117.80347058823534
117.79882352941182
117.7941764705883
117.78952941176478
117.78488235294125
117.78023529411773
117.77558823529421
117.77094117647069
117.76629411764716
117.76164705882364
117.75700000000012
117.76045454545455
117.7639090909091
117.76736363636364
117.77081818181819
117.77427272727273
117.77772727272728
117.78118181818182
117.78463636363637
117.78809090909091
117.79154545454546
117.795
117.7855
117.776
117.789
117.802
117.81500000000001
117.8115
117.80799999999999
117.80449999999999
117.80099999999999
117.80612500000001
117.81125
117.816375
117.82149999999999
117.82662499999998
117.83174999999997
117.83687499999996
117.84199999999996
117.829
117.83027272727273
117.83154545454546
117.8328181818182
117.83409090909093
117.83536363636367
117.8366363636364
117.83790909090914
117.83918181818187
117.8404545454546
117.84172727272734
117.84300000000007
117.836
117.829
117.8385
117.848
117.84528571428571
117.84257142857142
117.83985714285713
117.83714285714284
117.83442857142855
117.83171428571426
117.82899999999997
117.82628571428567
117.82357142857138
117.8208571428571
117.8181428571428
117.81542857142851
117.81271428571422
117.80999999999993
117.80728571428564
117.80457142857135
117.80185714285706
117.79914285714277
117.79642857142848
117.79371428571419
117.7909999999999
117.7949
117.7988
117.8027
117.8066
117.8105
117.8144
117.81830000000001
117.82220000000001
117.82610000000001
117.83000000000001
117.82833333333333
117.82666666666667
117.825
117.82333333333334
117.82166666666667
117.82000000000001
117.81833333333334
117.81666666666668
117.81500000000001
117.81811111111111
117.82122222222222
117.82433333333333
117.82744444444444
117.83055555555555
117.83366666666666
117.83677777777777
117.83988888888888
117.84299999999999
117.827
117.83407692307692
117.84115384615384
117.84823076923077
117.85530769230769
117.86238461538461
117.86946153846154
117.87653846153846
117.88361538461538
117.8906923076923
117.89776923076923
117.90484615384615
117.91192307692307
117.919
117.90950000000001
117.9
117.9055
117.911
117.9165
117.922
117.91149999999999
117.90099999999998
117.903125
117.90525000000001
117.90737500000002
117.90950000000002
117.91162500000003
117.91375000000004
117.91587500000004
117.91800000000005
117.92012500000006
117.92225000000006
117.92437500000007
117.92650000000008
117.92862500000008
117.93075000000009
117.9328750000001
117.9350000000001
117.93257142857144
117.93014285714287
117.9277142857143
117.92528571428574
117.92285714285717
117.9204285714286
117.91800000000003
117.92200000000001
117.92600000000002
117.93000000000002
117.93400000000003
117.93800000000003
117.94200000000004
117.94600000000004
117.95000000000005
117.95400000000005
117.95800000000006
117.96200000000006
117.96600000000007
117.97000000000007
117.97400000000007
117.97800000000008
117.98200000000008
117.98600000000009
117.9900000000001
117.9940000000001
117.9980000000001
117.99241176470589
117.98682352941178
117.98123529411767
117.97564705882355
117.97005882352944
117.96447058823533
117.95888235294122
117.9532941176471
117.94770588235299
117.94211764705888
117.93652941176477
117.93094117647065
117.92535294117654
117.91976470588243
117.91417647058832
117.9085882352942
117.90300000000009
117.906625
117.91025
117.913875
117.9175
117.921125
117.92475
117.928375
117.932
117.92838461538462
117.92476923076923
117.92115384615384
117.91753846153846
117.91392307692307
117.91030769230768
117.9066923076923
117.90307692307691
117.89946153846152
117.89584615384614
117.89223076923075
117.88861538461536
117.88499999999998
117.886375
117.88775
117.88912499999999
117.89049999999999
117.89187499999998
117.89324999999998
117.89462499999998
117.89599999999997
117.89737499999997
117.89874999999996
117.90012499999996
117.90149999999996
117.90287499999995
117.90424999999995
117.90562499999994
117.90699999999994
117.90233333333333
117.89766666666667
117.893
117.88833333333334
117.88366666666667
117.879
117.88185714285714
117.88471428571428
117.88757142857142
117.89042857142856
117.8932857142857
117.89614285714283
117.89899999999997
117.90185714285711
117.90471428571425
117.90757142857139
117.91042857142853
117.91328571428566
117.9161428571428
117.91899999999994
117.91149999999999
117.904
117.90933333333334
117.91466666666668
117.92000000000002
117.92533333333336
117.9306666666667
117.93600000000004
117.92750000000001
117.91900000000001
117.92399999999999
117.92899999999999
117.93399999999998
117.93899999999998
117.94399999999997
117.94148571428572
117.93897142857143
117.93645714285715
117.93394285714287
117.93142857142858
117.9289142857143
117.92640000000002
117.92388571428573
117.92137142857145
117.91885714285716
117.91634285714288
117.9138285714286
117.91131428571431
117.90880000000003
117.90628571428574
117.90377142857146
117.90125714285718
117.89874285714289
117.89622857142861
117.89371428571432
117.89120000000004
117.88868571428576
117.88617142857147
117.88365714285719
117.8811428571429
117.87862857142862
117.87611428571434
117.87360000000005
117.87108571428577
117.86857142857149
117.8660571428572
117.86354285714292
117.86102857142863
117.85851428571435
117.85600000000007
117.875
117.894
117.89038888888889
117.88677777777778
117.88316666666667
117.87955555555556
117.87594444444444
117.87233333333333
117.86872222222222
117.8651111111111
117.86149999999999
117.85788888888888
117.85427777777777
117.85066666666665
117.84705555555554
117.84344444444443
117.83983333333332
117.8362222222222
117.83261111111109
117.82899999999998
117.83566666666667
117.84233333333334
117.84900000000002
117.8415
117.834
117.82650000000001
117.81900000000002
117.81150000000002
117.80400000000003
117.79650000000004
117.78900000000004
117.78150000000005
117.77400000000006
117.779
117.78399999999999
117.78899999999999
117.78316666666667
117.77733333333335
117.77150000000002
117.76566666666669
117.75983333333336
117.75400000000003
117.76050000000001
117.767
117.743
117.753
117.763
117.77300000000001
117.7595
117.74600000000001
117.763
117.7581
117.75319999999999
117.74829999999999
117.74339999999998
117.73849999999997
117.73359999999997
117.72869999999996
117.72379999999995
117.71889999999995
117.71399999999994
117.726
117.738
117.7257
117.71340000000001
117.70110000000001
117.68880000000001
117.67650000000002
117.66420000000002
117.65190000000003
117.63960000000003
117.62730000000003
117.61500000000004
117.625
117.635
117.64500000000001
117.65500000000002
117.63625
117.6175
117.59875000000001
117.58000000000001
117.56125000000002
117.54250000000002
117.52375000000002
117.50500000000002
117.515
117.525
117.53500000000001
117.54500000000002
117.523
117.501
117.51650000000001
117.53200000000001
117.54750000000001
117.56300000000002
117.57850000000002
117.59400000000002
117.586
117.578
117.57000000000001
117.57639999999999
117.58279999999999
117.58919999999999
117.59559999999999
117.60199999999999
117.5875
117.57300000000001
117.55850000000001
117.54400000000001
117.55866666666667
117.57333333333334
117.58800000000001
117.576
117.564
117.589
117.58233333333334
117.57566666666668
117.56900000000002
117.582
117.492
117.513
117.534
117.52380000000001
117.51360000000001
117.50340000000001
117.49320000000002
117.48300000000002
117.49657142857143
117.51014285714285
117.52371428571428
117.5372857142857
117.55085714285713
117.56442857142855
117.57799999999997
117.566
117.554
117.577
117.5615
117.54599999999999
117.5522
117.55839999999999
117.56459999999998
117.57079999999998
117.57699999999997
117.56745454545454
117.55790909090908
117.54836363636362
117.53881818181816
117.5292727272727
117.51972727272724
117.51018181818178
117.50063636363632
117.49109090909086
117.4815454545454
117.47199999999994
117.46245454545448
117.45290909090902
117.44336363636356
117.4338181818181
117.42427272727264
117.41472727272718
117.40518181818172
117.39563636363626
117.3860909090908
117.37654545454534
117.36699999999988
117.398
117.39475
117.39150000000001
117.38825000000001
117.38500000000002
117.406
117.39500000000001
117.38400000000001
117.399
117.414
117.40466666666667
117.39533333333334
117.38600000000001
117.39257142857143
117.39914285714286
117.4057142857143
117.41228571428573
117.41885714285716
117.4254285714286
117.43200000000003
117.425
117.41799999999999
117.41099999999999
117.4252
117.4394
117.45360000000001
117.46780000000001
117.48200000000001
117.465
117.4744
117.4838
117.4932
117.5026
117.512
117.501375
117.49074999999999
117.48012499999999
117.46949999999998
117.45887499999998
117.44824999999997
117.43762499999997
117.42699999999996
117.4302
117.43339999999999
117.43659999999998
117.43979999999998
117.44299999999997
117.429
117.415
117.43
117.414
117.42475
117.4355
117.44625
117.45700000000001
117.443
117.44804761904761
117.45309523809523
117.45814285714285
117.46319047619046
117.46823809523808
117.4732857142857
117.47833333333331
117.48338095238093
117.48842857142854
117.49347619047616
117.49852380952377
117.50357142857139
117.508619047619
117.51366666666662
117.51871428571424
117.52376190476186
117.52880952380947
117.53385714285709
117.5389047619047
117.54395238095232
117.54899999999994
117.54125
117.5335
117.52575
117.518
117.539
117.53
117.521
117.512
117.503
117.494
117.5035
117.513
117.5062
117.49940000000001
117.49260000000001
117.48580000000001
117.47900000000001
117.49116666666667
117.50333333333334
117.51550000000002
117.52766666666669
117.53983333333336
117.55200000000004
117.537
117.55250000000001
117.56800000000001
117.55799999999999
117.548
117.53800000000001
117.52800000000002
117.548
117.54308333333333
117.53816666666665
117.53324999999998
117.52833333333331
117.52341666666663
117.51849999999996
117.51358333333329
117.50866666666661
117.50374999999994
117.49883333333327
117.49391666666659
117.48899999999992
117.498
117.507
117.516
117.5035
117.491
117.4984
117.50580000000001
117.51320000000001
117.52060000000002
117.52800000000002
117.52111111111111
117.51422222222222
117.50733333333332
117.50044444444443
117.49355555555553
117.48666666666664
117.47977777777774
117.47288888888885
117.46599999999995
117.47433333333333
117.48266666666667
117.49100000000001
117.49933333333335
117.5076666666667
117.51600000000003
117.52433333333337
117.53266666666671
117.54100000000005
117.527
117.5425
117.558
117.54925
117.5405
117.53174999999999
117.52299999999998
117.53875
117.55449999999999
117.57024999999999
117.58599999999998
117.55850000000001
117.531
117.53800000000001
117.54500000000002
117.532
117.51899999999999
117.50599999999999
117.522
117.5145
117.507
117.51966666666667
117.53233333333333
117.54499999999999
117.5295
117.514
117.532
117.52575
117.51950000000001
117.51325000000001
117.50700000000002
117.526
117.51166666666667
117.49733333333334
117.48300000000002
117.51650000000001
117.55000000000001
117.53925
117.5285
117.51774999999999
117.50699999999999
117.51533333333333
117.52366666666666
117.53199999999998
117.52733333333333
117.52266666666667
117.518
117.51333333333334
117.50866666666667
117.504
117.5098
117.51559999999999
117.52139999999999
117.52719999999998
117.53299999999997
117.519
117.50500000000001
117.49100000000001
117.47700000000002
117.46300000000002
117.44900000000003
117.43500000000003
117.42100000000003
117.43366666666667
117.44633333333333
117.45899999999999
117.443
117.44775
117.4525
117.45725
117.462
117.46675
117.4715
117.47625000000001
117.48100000000001
117.47366666666666
117.46633333333332
117.45899999999999
117.4675
117.476
117.4685
117.46100000000001
117.45350000000002
117.44600000000003
117.451
117.45599999999999
117.46099999999998
117.46599999999998
117.47099999999998
117.47599999999997
117.48099999999997
117.48599999999996
117.49099999999996
117.49599999999995
117.50099999999995
117.50599999999994
117.49727272727273
117.48854545454546
117.47981818181819
117.47109090909092
117.46236363636365
117.45363636363638
117.4449090909091
117.43618181818184
117.42745454545457
117.4187272727273
117.41000000000003
117.42666666666666
117.44333333333333
117.46
117.45566666666666
117.45133333333332
117.44699999999999
117.461
117.475
117.48899999999999
117.50299999999999
117.51699999999998
117.53099999999998
117.52333333333334
117.51566666666668
117.50800000000001
117.52033333333333
117.53266666666666
117.54499999999999
117.55733333333332
117.56966666666665
117.58199999999998
117.572
117.56200000000001
117.57575
117.5895
117.60325
117.617
117.60225
117.5875
117.57275000000001
117.55800000000002
117.576
117.5635
117.55100000000002
117.5625
117.574
117.5535
117.533
117.558
117.537
117.553
117.56899999999999
117.58499999999998
117.563
117.56655555555555
117.5701111111111
117.57366666666665
117.5772222222222
117.58077777777775
117.5843333333333
117.58788888888886
117.5914444444444
117.59499999999996
117.587
117.57900000000001
117.57100000000001
117.56300000000002
117.593
117.553
117.513
117.525
117.537
117.549
117.561
117.57300000000001
117.58500000000001
117.59700000000001
117.60900000000001
117.62100000000001
117.608
117.595
117.60166666666666
117.60833333333332
117.61499999999998
117.6112
117.6074
117.6036
117.5998
117.596
117.608
117.59814285714286
117.58828571428572
117.57842857142857
117.56857142857143
117.55871428571429
117.54885714285714
117.539
117.552
117.53960000000001
117.52720000000001
117.51480000000001
117.50240000000001
117.49000000000001
117.497
117.504
117.49300000000001
117.48200000000001
117.47100000000002
117.46000000000002
117.44900000000003
117.45583333333333
117.46266666666666
117.4695
117.47633333333333
117.48316666666666
117.49
117.48333333333333
117.47666666666667
117.47000000000001
117.487
117.46449999999999
117.44199999999998
117.4528
117.4636
117.4744
117.4852
117.49600000000001
117.482
117.49033333333333
117.49866666666665
117.50699999999998
117.5153333333333
117.52366666666663
117.53199999999995
117.515
117.555
117.5438
117.5326
117.5214
117.5102
117.499
117.5085
117.518
117.505
117.517
117.51166666666666
117.50633333333332
117.50099999999998
117.49566666666664
117.4903333333333
117.48499999999996
117.512
117.502
117.49199999999999
117.48199999999999
117.47199999999998
117.47999999999999
117.48799999999999
117.49599999999998
117.463
117.46554545454545
117.4680909090909
117.47063636363636
117.47318181818181
117.47572727272727
117.47827272727272
117.48081818181818
117.48336363636363
117.48590909090909
117.48845454545454
117.491
117.463
117.435
117.466
117.45633333333333
117.44666666666667
117.43700000000001
117.42733333333335
117.41766666666669
117.40800000000003
117.41766666666666
117.42733333333332
117.43699999999998
117.430375
117.42375
117.417125
117.4105
117.403875
117.39725
117.390625
117.384
117.398
117.412
117.40466666666667
117.39733333333334
117.39
117.39775
117.4055
117.41325
117.421
117.408
117.395
117.38199999999999
117.399
117.3905
117.382
117.404
117.39750000000001
117.39100000000002
117.403
117.39433333333334
117.38566666666667
117.377
117.393
117.3875
117.382
117.37650000000001
117.37100000000001
117.36550000000001
117.36000000000001
117.366
117.372
117.35933333333334
117.34666666666668
117.33400000000002
117.34450000000001
117.35500000000002
117.344
117.333
117.348
117.34100000000001
117.334
117.3383076923077
117.34261538461539
117.34692307692308
117.35123076923077
117.35553846153846
117.35984615384615
117.36415384615384
117.36846153846153
117.37276923076922
117.37707692307691
117.3813846153846
117.3856923076923
117.38999999999999
117.364
117.383
117.377
117.371
117.37857142857142
117.38614285714284
117.39371428571427
117.40128571428569
117.40885714285712
117.41642857142854
117.42399999999996
117.415
117.406
117.41533333333334
117.42466666666667
117.434
117.42266666666667
117.41133333333335
117.40000000000002
117.408
117.416
117.42399999999999
117.41766666666668
117.41133333333335
117.40500000000002
117.4125
117.41999999999999
117.41125
117.4025
117.39375000000001
117.38500000000002
117.38966666666667
117.39433333333334
117.399
117.394
117.38900000000001
117.38400000000001
117.37900000000002
117.37400000000002
117.388
117.3828
117.3776
117.3724
117.3672
117.362
117.36716666666666
117.37233333333333
117.3775
117.38266666666667
117.38783333333333
117.393
117.387
117.381
117.375
117.369
117.3805
117.392
117.3887
117.3854
117.38210000000001
117.37880000000001
117.37550000000002
117.37220000000002
117.36890000000002
117.36560000000003
117.36230000000003
117.35900000000004
117.38
117.401
117.3968
117.3926
117.3884
117.3842
117.38000000000001
117.38562499999999
117.39124999999999
117.39687499999998
117.40249999999997
117.40812499999997
117.41374999999996
117.41937499999996
117.42499999999995
117.4205
117.416
117.41149999999999
117.40699999999998
117.412125
117.41725
117.42237499999999
117.42749999999998
117.43262499999997
117.43774999999997
117.44287499999996
117.44799999999995
117.44274999999999
117.4375
117.43225000000001
117.42700000000002
117.43064285714286
117.4342857142857
117.43792857142856
117.44157142857141
117.44521428571426
117.44885714285711
117.45249999999996
117.45614285714281
117.45978571428566
117.46342857142851
117.46707142857136
117.47071428571421
117.47435714285706
117.47799999999991
117.47488888888888
117.47177777777777
117.46866666666666
117.46555555555555
117.46244444444444
117.45933333333333
117.45622222222222
117.45311111111111
117.45
117.45483333333334
117.45966666666668
117.46450000000002
117.46933333333335
117.47416666666669
117.47900000000003
117.4645
117.45
117.45411111111112
117.45822222222223
117.46233333333335
117.46644444444446
117.47055555555558
117.47466666666669
117.47877777777781
117.48288888888892
117.48700000000004
117.48066666666666
117.47433333333333
117.468
117.4744
117.4808
117.4872
117.4936
117.5
117.49622222222222
117.49244444444443
117.48866666666665
117.48488888888886
117.48111111111108
117.47733333333329
117.4735555555555
117.46977777777772
117.46599999999994
117.47183333333334
117.47766666666666
117.48349999999999
117.48933333333332
117.49516666666665
117.50099999999998
117.497
117.493
117.48899999999999
117.48499999999999
117.48099999999998
117.47699999999998
117.47299999999997
117.46899999999997
117.46499999999996
117.46099999999996
117.45699999999995
117.45299999999995
117.44899999999994
117.4536
117.45819999999999
117.46279999999999
117.46739999999998
117.47199999999998
117.46
117.47
117.48
117.49000000000001
117.50000000000001
117.51000000000002
117.50455555555556
117.4991111111111
117.49366666666666
117.4882222222222
117.48277777777776
117.4773333333333
117.47188888888886
117.4664444444444
117.46099999999996
117.4555555555555
117.45011111111106
117.4446666666666
117.43922222222216
117.4337777777777
117.42833333333326
117.4228888888888
117.41744444444436
117.4119999999999
117.41585714285715
117.41971428571429
117.42357142857144
117.42742857142858
117.43128571428572
117.43514285714286
117.43900000000001
117.43625
117.43350000000001
117.43075000000002
117.42800000000003
117.42525000000003
117.42250000000004
117.41975000000005
117.41700000000006
117.42083333333333
117.42466666666667
117.4285
117.43233333333333
117.43616666666667
117.44
117.43811111111111
117.43622222222223
117.43433333333334
117.43244444444446
117.43055555555557
117.42866666666669
117.4267777777778
117.42488888888892
117.42300000000003
117.428
117.43299999999999
117.43799999999999
117.44299999999998
117.44799999999998
117.45299999999997
117.45799999999997
117.46299999999997
117.46799999999996
117.47299999999996
117.47799999999995
117.48299999999995
117.48799999999994
117.49299999999994
117.49799999999993
117.49438888888889
117.49077777777778
117.48716666666667
117.48355555555555
117.47994444444444
117.47633333333333
117.47272222222222
117.4691111111111
117.46549999999999
117.46188888888888
117.45827777777777
117.45466666666665
117.45105555555554
117.44744444444443
117.44383333333332
117.4402222222222
117.43661111111109
117.43299999999998
117.44233333333334
117.45166666666667
117.461
117.434
117.43645454545454
117.43890909090908
117.44136363636362
117.44381818181816
117.4462727272727
117.44872727272724
117.45118181818178
117.45363636363632
117.45609090909086
117.4585454545454
117.46099999999994
117.4579
117.45479999999999
117.45169999999999
117.44859999999998
117.44549999999998
117.44239999999998
117.43929999999997
117.43619999999997
117.43309999999997
117.42999999999996
117.446
117.46199999999999
117.458375
117.45475
117.451125
117.4475
117.443875
117.44025
117.436625
117.433
117.436
117.43900000000001
117.44200000000001
117.44500000000001
117.44800000000001
117.45100000000001
117.45400000000001
117.45700000000001
117.46000000000001
117.46300000000001
117.46600000000001
117.46185714285714
117.45771428571429
117.45357142857144
117.44942857142858
117.44528571428573
117.44114285714288
117.43700000000003
117.4401
117.4432
117.44630000000001
117.44940000000001
117.45250000000001
117.45560000000002
117.45870000000002
117.46180000000003
117.46490000000003
117.46800000000003
117.46275
117.4575
117.45224999999999
117.44699999999999
117.4526
117.4582
117.4638
117.46940000000001
117.47500000000001
117.472375
117.46975
117.46712500000001
117.46450000000002
117.46187500000002
117.45925000000003
117.45662500000003
117.45400000000004
117.45137500000004
117.44875000000005
117.44612500000005
117.44350000000006
117.44087500000006
117.43825000000007
117.43562500000007
117.43300000000008
117.441
117.449
117.457
117.46499999999999
117.47299999999998
117.4675
117.462
117.4565
117.45100000000001
117.45328571428571
117.45557142857143
117.45785714285715
117.46014285714287
117.46242857142859
117.46471428571431
117.46700000000003
117.46928571428575
117.47157142857147
117.47385714285718
117.4761428571429
117.47842857142862
117.48071428571434
117.48300000000006
117.479
117.475
117.47099999999999
117.46699999999998
117.471
117.47500000000001
117.47900000000001
117.4705
117.462
117.468
117.474
117.48
117.486
117.48042857142858
117.47485714285715
117.46928571428572
117.46371428571429
117.45814285714286
117.45257142857143
117.447
117.44984615384615
117.4526923076923
117.45553846153845
117.4583846153846
117.46123076923075
117.4640769230769
117.46692307692305
117.4697692307692
117.47261538461535
117.4754615384615
117.47830769230765
117.4811538461538
117.48399999999995
117.467
117.485
117.48214285714286
117.47928571428572
117.47642857142858
117.47357142857145
117.47071428571431
117.46785714285717
117.46500000000003
117.4621428571429
117.45928571428576
117.45642857142862
117.45357142857148
117.45071428571434
117.4478571428572
117.44500000000006
117.463
117.46109999999999
117.45919999999998
117.45729999999998
117.45539999999997
117.45349999999996
117.45159999999996
117.44969999999995
117.44779999999994
117.44589999999994
117.44399999999993
117.463
117.45346153846154
117.44392307692308
117.43438461538463
117.42484615384618
117.41530769230772
117.40576923076927
117.39623076923081
117.38669230769236
117.3771538461539
117.36761538461545
117.358076923077
117.34853846153854
117.33900000000008
117.358
117.35366666666667
117.34933333333333
117.345
117.358
117.3476
117.3372
117.32679999999999
117.31639999999999
117.30599999999998
117.29559999999998
117.28519999999997
117.27479999999997
117.26439999999997
117.25399999999996
117.263
117.272
117.281
117.29
117.276
117.291
117.282
117.273
117.28085714285714
117.28871428571429
117.29657142857144
117.30442857142859
117.31228571428574
117.32014285714288
117.32800000000003
117.32133333333334
117.31466666666668
117.30800000000002
117.333
117.35799999999999
117.38299999999998
117.36949999999999
117.356
117.36025
117.36449999999999
117.36874999999999
117.37299999999999
117.37724999999999
117.38149999999999
117.38574999999999
117.38999999999999
117.382
117.37400000000001
117.36600000000001
117.375
117.384
117.393
117.402
117.411
117.397
117.40171428571429
117.40642857142858
117.41114285714286
117.41585714285715
117.42057142857144
117.42528571428572
117.43
117.4235
117.417
117.4255
117.434
117.42884615384615
117.4236923076923
117.41853846153846
117.41338461538462
117.40823076923077
117.40307692307692
117.39792307692308
117.39276923076923
117.38761538461539
117.38246153846154
117.3773076923077
117.37215384615385
117.367
117.37650000000001
117.38600000000001
117.39550000000001
117.40500000000002
117.3998
117.3946
117.3894
117.38419999999999
117.37899999999999
117.38575
117.3925
117.39925
117.40599999999999
117.39500000000001
117.38400000000001
117.396
117.408
117.40133333333334
117.39466666666668
117.38800000000002
117.3948
117.4016
117.4084
117.4152
117.422
117.4145
117.40700000000001
117.41083333333333
117.41466666666666
117.4185
117.42233333333333
117.42616666666666
117.42999999999999
117.4272
117.42439999999999
117.42159999999998
117.41879999999998
117.41599999999997
117.41319999999996
117.41039999999995
117.40759999999995
117.40479999999994
117.40199999999993
117.41133333333333
117.42066666666666
117.42999999999999
117.4262105263158
117.42242105263159
117.41863157894738
117.41484210526318
117.41105263157897
117.40726315789476
117.40347368421055
117.39968421052635
117.39589473684214
117.39210526315793
117.38831578947372
117.38452631578951
117.3807368421053
117.3769473684211
117.37315789473689
117.36936842105268
117.36557894736848
117.36178947368427
117.35800000000006
117.36233333333334
117.36666666666667
117.37100000000001
117.37533333333334
117.37966666666668
117.38400000000001
117.375
117.366
117.374
117.38199999999999
117.38999999999999
117.39799999999998
117.40599999999998
117.41399999999997
117.42199999999997
117.42999999999996
117.42766666666667
117.42533333333333
117.42299999999999
117.42066666666665
117.41833333333331
117.41599999999997
117.41955555555555
117.4231111111111
117.42666666666665
117.4302222222222
117.43377777777775
117.4373333333333
117.44088888888885
117.4444444444444
117.44799999999995
117.4438
117.4396
117.4354
117.4312
117.427
117.448
117.44539999999999
117.44279999999999
117.44019999999999
117.43759999999999
117.43499999999999
117.43950000000001
117.44400000000002
117.44850000000002
117.45300000000003
117.44764285714285
117.4422857142857
117.43692857142855
117.4315714285714
117.42621428571425
117.4208571428571
117.41549999999995
117.4101428571428
117.40478571428565
117.3994285714285
117.39407142857135
117.3887142857142
117.38335714285705
117.3779999999999
117.3825
117.387
117.39150000000001
117.39600000000002
117.40050000000002
117.40500000000003
117.40950000000004
117.41400000000004
117.41241666666667
117.41083333333334
117.40925000000001
117.40766666666669
117.40608333333336
117.40450000000003
117.4029166666667
117.40133333333337
117.39975000000004
117.39816666666671
117.39658333333338
117.39500000000005
117.39341666666672
117.3918333333334
117.39025000000007
117.38866666666674
117.38708333333341
117.38550000000008
117.38391666666675
117.38233333333342
117.38075000000009
117.37916666666676
117.37758333333343
117.3760000000001
117.380125
117.38425000000001
117.38837500000001
117.39250000000001
117.39662500000001
117.40075000000002
117.40487500000002
117.40900000000002
117.40566666666668
117.40233333333335
117.39900000000002
117.39566666666668
117.39233333333335
117.38900000000002
117.3856666666667
117.38233333333336
117.37900000000003
117.39166666666667
117.40433333333333
117.41699999999999
117.4108
117.40459999999999
117.39839999999998
117.39219999999997
117.38599999999997
117.39030769230769
117.39461538461538
117.39892307692307
117.40323076923076
117.40753846153845
117.41184615384614
117.41615384615383
117.42046153846152
117.42476923076921
117.4290769230769
117.4333846153846
117.43769230769229
117.44199999999998
117.43995238095238
117.43790476190476
117.43585714285715
117.43380952380953
117.43176190476191
117.4297142857143
117.42766666666668
117.42561904761907
117.42357142857145
117.42152380952383
117.41947619047622
117.4174285714286
117.41538095238099
117.41333333333337
117.41128571428575
117.40923809523814
117.40719047619052
117.4051428571429
117.40309523809529
117.40104761904767
117.39900000000006
117.40425
117.40950000000001
117.41475000000001
117.42000000000002
117.41707142857143
117.41414285714286
117.4112142857143
117.40828571428573
117.40535714285716
117.40242857142859
117.39950000000002
117.39657142857145
117.39364285714288
117.39071428571431
117.38778571428574
117.38485714285717
117.3819285714286
117.37900000000003
117.3832
117.3874
117.3916
117.3958
117.39999999999999
117.39428571428572
117.38857142857142
117.38285714285713
117.37714285714284
117.37142857142855
117.36571428571426
117.35999999999997
117.3692
117.37840000000001
117.38760000000002
117.39680000000003
117.40600000000003
117.39355555555557
117.38111111111112
117.36866666666668
117.35622222222224
117.3437777777778
117.33133333333336
117.31888888888892
117.30644444444448
117.29400000000004
117.3
117.306
117.29849999999999
117.291
117.323
117.316
117.30900000000001
117.30200000000002
117.30445454545455
117.30690909090909
117.30936363636363
117.31181818181817
117.31427272727271
117.31672727272725
117.31918181818179
117.32163636363633
117.32409090909087
117.32654545454541
117.32899999999995
117.319
117.30900000000001
117.29900000000002
117.309
117.31899999999999
117.32899999999998
117.314
117.332
117.32499999999999
117.31799999999998
117.31099999999998
117.30399999999997
117.31
117.316
117.322
117.31733333333334
117.31266666666667
117.308
117.324
117.31733333333334
117.31066666666668
117.30400000000002
117.312
117.32
117.32799999999999
117.33599999999998
117.34399999999998
117.35199999999998
117.35999999999997
117.36799999999997
117.37599999999996
117.38399999999996
117.39199999999995
117.38085714285714
117.36971428571428
117.35857142857142
117.34742857142857
117.33628571428571
117.32514285714285
117.314
117.33233333333332
117.35066666666665
117.36899999999999
117.363
117.357
117.372
117.387
117.402
117.417
117.41075000000001
117.40450000000001
117.39825000000002
117.39200000000002
117.4125
117.43299999999999
117.42800000000001
117.42300000000002
117.41800000000002
117.4272
117.43639999999999
117.44559999999998
117.45479999999998
117.46399999999997
117.4445
117.42500000000001
117.4345
117.444
117.43666666666667
117.42933333333333
117.422
117.43549999999999
117.44899999999998
117.437
117.4435
117.45
117.4405
117.431
117.443
117.419
117.4325
117.446
117.4375
117.429
117.4205
117.412
117.40350000000001
117.39500000000001
117.416
117.437
117.41375
117.39049999999999
117.36724999999998
117.34399999999998
117.356
117.313
117.32050000000001
117.328
117.3355
117.34299999999999
117.33675
117.3305
117.32425
117.31800000000001
117.33225
117.3465
117.36075000000001
117.37500000000001
117.38925000000002
117.40350000000002
117.41775000000003
117.43200000000003
117.44625000000003
117.46050000000004
117.47475000000004
117.48900000000005
117.466
117.47175
117.4775
117.48325000000001
117.48900000000002
117.49475000000002
117.50050000000003
117.50625000000004
117.51200000000004
117.473
117.488
117.4815
117.475
117.5082
117.54140000000001
117.57460000000002
117.60780000000003
117.64100000000003
117.583
117.603
117.58533333333332
117.56766666666665
117.54999999999998
117.568
117.5472857142857
117.52657142857142
117.50585714285712
117.48514285714283
117.46442857142854
117.44371428571425
117.42299999999996
117.437
117.42999999999999
117.42299999999999
117.41599999999998
117.42949999999999
117.44299999999998
117.43566666666666
117.42833333333333
117.42099999999999
117.41366666666666
117.40633333333332
117.39899999999999
117.39166666666665
117.38433333333332
117.37699999999998
117.36966666666665
117.36233333333331
117.35499999999998
117.3665
117.378
117.364
117.35000000000001
117.33600000000001
117.32200000000002
117.32816666666668
117.33433333333335
117.34050000000002
117.34666666666669
117.35283333333336
117.35900000000004
117.36516666666671
117.37133333333338
117.37750000000005
117.38366666666673
117.3898333333334
117.39600000000007
117.381
117.366
117.351
117.35900000000001
117.36700000000002
117.36166666666666
117.35633333333332
117.35099999999998
117.355
117.35900000000001
117.36300000000001
117.36700000000002
117.35900000000001
117.351
117.34299999999999
117.33499999999998
117.3425
117.35
117.328
117.344
117.35999999999999
117.3315
117.303
117.31866666666666
117.33433333333332
117.34999999999998
117.34171428571427
117.33342857142856
117.32514285714284
117.31685714285712
117.3085714285714
117.30028571428568
117.29199999999996
117.312
117.332
117.35199999999999
117.332
117.33699999999999
117.34199999999998
117.34699999999998
117.34285714285714
117.33871428571429
117.33457142857144
117.33042857142858
117.32628571428573
117.32214285714288
117.31800000000003
117.31385714285717
117.30971428571432
117.30557142857147
117.30142857142862
117.29728571428576
117.29314285714291
117.28900000000006
117.29375
117.2985
117.30325
117.308
117.30000000000001
117.292
117.30025
117.30850000000001
117.31675000000001
117.32500000000002
117.30799999999999
117.291
117.308
117.29633333333334
117.28466666666667
117.273
117.277
117.281
117.28500000000001
117.28900000000002
117.29300000000002
117.29700000000003
117.30100000000003
117.30500000000004
117.30900000000004
117.31300000000005
117.31700000000005
117.32100000000005
117.32500000000006
117.311
117.3245
117.338
117.33375
117.3295
117.32525
117.321
117.31675
117.3125
117.30825
117.304
117.348
117.344
117.33999999999999
117.33599999999998
117.344
117.35199999999999
117.35999999999999
117.36799999999998
117.37599999999998
117.38399999999997
117.39199999999997
117.39999999999996
117.385
117.38944444444445
117.3938888888889
117.39833333333334
117.40277777777779
117.40722222222223
117.41166666666668
117.41611111111112
117.42055555555557
117.42500000000001
117.414
117.403
117.39200000000001
117.421
117.40846153846154
117.39592307692307
117.3833846153846
117.37084615384613
117.35830769230766
117.34576923076919
117.33323076923072
117.32069230769225
117.30815384615379
117.29561538461532
117.28307692307685
117.27053846153838
117.25799999999991
117.287
117.27966666666667
117.27233333333334
117.265
117.2735
117.282
117.26457142857143
117.24714285714286
117.2297142857143
117.21228571428573
117.19485714285716
117.17742857142859
117.16000000000003
117.1785
117.197
117.18622222222223
117.17544444444445
117.16466666666668
117.1538888888889
117.14311111111112
117.13233333333335
117.12155555555557
117.1107777777778
117.10000000000002
117.1094
117.1188
117.12819999999999
117.13759999999999
117.14699999999999
117.129
117.138625
117.14825
117.157875
117.1675
117.177125
117.18675
117.196375
117.206
117.1975
117.18900000000001
117.18050000000001
117.17200000000001
117.196
117.184
117.197
117.19166666666666
117.18633333333332
117.18099999999998
117.1979
117.2148
117.23169999999999
117.24859999999998
117.26549999999997
117.28239999999997
117.29929999999996
117.31619999999995
117.33309999999994
117.34999999999994
117.3368
117.3236
117.3104
117.2972
117.284
117.29825
117.3125
117.32675
117.34100000000001
117.316
117.332
117.321
117.31
117.299
117.28800000000001
117.27700000000002
117.26600000000002
117.25500000000002
117.279
117.27250000000001
117.26600000000002
117.285
117.274
117.263
117.25200000000001
117.24100000000001
117.23000000000002
117.2445
117.259
117.245
117.231
117.23876923076922
117.24653846153845
117.25430769230768
117.2620769230769
117.26984615384613
117.27761538461536
117.28538461538459
117.29315384615381
117.30092307692304
117.30869230769227
117.3164615384615
117.32423076923072
117.33199999999995
117.32499999999999
117.31799999999998
117.32575
117.3335
117.34125
117.349
117.33000000000001
117.311
117.32066666666667
117.33033333333333
117.33999999999999
117.33211111111112
117.32422222222223
117.31633333333335
117.30844444444446
117.30055555555558
117.29266666666669
117.2847777777778
117.27688888888892
117.26900000000003
117.27742857142857
117.28585714285714
117.2942857142857
117.30271428571427
117.31114285714284
117.31957142857141
117.32799999999997
117.321
117.314
117.30699999999999
117.29999999999998
117.316
117.33200000000001
117.34800000000001
117.36400000000002
117.31
117.256
117.202
117.148
117.094
117.132
117.17000000000002
117.14233333333334
117.11466666666668
117.08700000000002
117.10775000000001
117.1285
117.14925
117.16999999999999
117.1445
117.119
117.134
117.149
117.14
117.131
117.122
117.113
117.1545
117.196
117.1845
117.173
117.191
117.171
117.1935
117.216
117.20333333333333
117.19066666666667
117.17800000000001
117.203
117.186
117.19475
117.20349999999999
117.21224999999998
117.22099999999998
117.189
117.21199999999999
117.23499999999999
117.224
117.21300000000001
117.20200000000001
117.19100000000002
117.18000000000002
117.20366666666668
117.22733333333335
117.25100000000002
117.2345
117.21799999999999
117.20149999999998
117.18499999999997
117.198
117.179
117.1905
117.202
117.1865
117.17099999999999
117.1825
117.194
117.2055
117.217
117.2285
117.24
117.2515
117.26299999999999
117.27449999999999
117.28599999999999
117.29749999999999
117.30899999999998
117.32049999999998
117.33199999999998
117.3235
117.315
117.348
117.34475
117.3415
117.33824999999999
117.33499999999998
117.369
117.403
117.385
117.39160000000001
117.39820000000002
117.40480000000002
117.41140000000003
117.41800000000003
117.4131875
117.408375
117.4035625
117.39875
117.3939375
117.389125
117.38431250000001
117.37950000000001
117.37468750000001
117.36987500000001
117.36506250000001
117.36025000000001
117.35543750000001
117.35062500000001
117.34581250000001
117.34100000000001
117.364
117.387
117.379
117.37100000000001
117.36300000000001
117.35500000000002
117.3615
117.368
117.36366666666666
117.35933333333332
117.35499999999999
117.35066666666665
117.34633333333332
117.34199999999998
117.33766666666665
117.33333333333331
117.32899999999998
117.33566666666667
117.34233333333333
117.34899999999999
117.35566666666665
117.36233333333331
117.36899999999997
117.37566666666663
117.38233333333329
117.38899999999995
117.39566666666661
117.40233333333327
117.40899999999993
117.40584615384616
117.4026923076923
117.39953846153846
117.3963846153846
117.39323076923075
117.3900769230769
117.38692307692305
117.3837692307692
117.38061538461535
117.3774615384615
117.37430769230765
117.3711538461538
117.36799999999995
117.372
117.376
117.38000000000001
117.38400000000001
117.38090909090909
117.37781818181817
117.37472727272726
117.37163636363634
117.36854545454543
117.36545454545451
117.3623636363636
117.35927272727268
117.35618181818177
117.35309090909085
117.34999999999994
117.35539999999999
117.36079999999998
117.36619999999998
117.37159999999997
117.37699999999997
117.37254545454545
117.3680909090909
117.36363636363635
117.3591818181818
117.35472727272725
117.3502727272727
117.34581818181815
117.3413636363636
117.33690909090905
117.3324545454545
117.32799999999995
117.34
117.33460000000001
117.32920000000001
117.32380000000002
117.31840000000003
117.31300000000003
117.31785714285715
117.3227142857143
117.32757142857145
117.3324285714286
117.33728571428574
117.34214285714289
117.34700000000004
117.34325
117.3395
117.33575
117.33200000000001
117.32825000000001
117.32450000000001
117.32075000000002
117.31700000000002
117.32424999999999
117.33149999999999
117.33874999999999
117.34599999999999
117.35324999999999
117.36049999999999
117.36774999999999
117.37499999999999
117.362
117.34899999999999
117.3555
117.362
117.344
117.326
117.33135714285714
117.3367142857143
117.34207142857144
117.3474285714286
117.35278571428574
117.3581428571429
117.36350000000004
117.3688571428572
117.37421428571434
117.3795714285715
117.38492857142865
117.3902857142858
117.39564285714295
117.4010000000001
117.388
117.39083333333333
117.39366666666666
117.39649999999999
117.39933333333332
117.40216666666664
117.40499999999997
117.3991875
117.39337499999999
117.38756249999999
117.38174999999998
117.37593749999998
117.37012499999997
117.36431249999997
117.35849999999996
117.35268749999996
117.34687499999995
117.34106249999995
117.33524999999995
117.32943749999994
117.32362499999994
117.31781249999993
117.31199999999993
117.334
117.32975
117.3255
117.32125
117.31700000000001
117.31275000000001
117.30850000000001
117.30425000000001
117.30000000000001
117.29575000000001
117.29150000000001
117.28725000000001
117.28300000000002
117.28489285714286
117.28678571428573
117.28867857142859
117.29057142857145
117.29246428571432
117.29435714285718
117.29625000000004
117.2981428571429
117.30003571428577
117.30192857142863
117.3038214285715
117.30571428571436
117.30760714285722
117.30950000000009
117.31139285714295
117.31328571428581
117.31517857142867
117.31707142857154
117.3189642857144
117.32085714285726
117.32275000000013
117.32464285714299
117.32653571428585
117.32842857142872
117.33032142857158
117.33221428571444
117.3341071428573
117.33600000000017
117.33133333333333
117.32666666666667
117.322
117.31733333333334
117.31266666666667
117.308
117.30333333333334
117.29866666666668
117.29400000000001
117.28933333333335
117.28466666666668
117.28000000000002
117.27533333333335
117.27066666666668
117.26600000000002
117.26133333333335
117.25666666666669
117.25200000000002
117.24733333333336
117.2426666666667
117.23800000000003
117.23333333333336
117.2286666666667
117.22400000000003
117.2285
117.233
117.23750000000001
117.24200000000002
117.23952380952382
117.23704761904763
117.23457142857144
117.23209523809525
117.22961904761907
117.22714285714288
117.22466666666669
117.2221904761905
117.21971428571432
117.21723809523813
117.21476190476194
117.21228571428576
117.20980952380957
117.20733333333338
117.2048571428572
117.202380952381
117.19990476190482
117.19742857142863
117.19495238095244
117.19247619047626
117.19000000000007
117.19285714285714
117.19571428571427
117.19857142857141
117.20142857142855
117.20428571428569
117.20714285714283
117.20999999999997
117.2128571428571
117.21571428571424
117.21857142857138
117.22142857142852
117.22428571428566
117.2271428571428
117.22999999999993
117.23285714285707
117.23571428571421
117.23857142857135
117.24142857142849
117.24428571428562
117.24714285714276
117.2499999999999
117.24455555555555
117.2391111111111
117.23366666666665
117.2282222222222
117.22277777777775
117.2173333333333
117.21188888888885
117.2064444444444
117.20099999999995
117.20273076923077
117.20446153846154
117.20619230769232
117.2079230769231
117.20965384615387
117.21138461538465
117.21311538461542
117.2148461538462
117.21657692307697
117.21830769230775
117.22003846153852
117.2217692307693
117.22350000000007
117.22523076923085
117.22696153846162
117.2286923076924
117.23042307692317
117.23215384615395
117.23388461538472
117.2356153846155
117.23734615384627
117.23907692307705
117.24080769230783
117.2425384615386
117.24426923076938
117.24600000000015
117.24071428571428
117.23542857142856
117.23014285714284
117.22485714285712
117.2195714285714
117.21428571428568
117.20899999999996
117.212
117.215
117.218
117.221
117.2185
117.21600000000001
117.21350000000001
117.21100000000001
117.20850000000002
117.20600000000002
117.20350000000002
117.20100000000002
117.19850000000002
117.19600000000003
117.19924999999999
117.20249999999999
117.20574999999998
117.20899999999997
117.21224999999997
117.21549999999996
117.21874999999996
117.22199999999995
117.22524999999995
117.22849999999994
117.23174999999993
117.23499999999993
117.23824999999992
117.24149999999992
117.24474999999991
117.2479999999999
117.231
117.214
117.224
117.23400000000001
117.24400000000001
117.2398
117.2356
117.23140000000001
117.22720000000001
117.22300000000001
117.23366666666666
117.24433333333333
117.255
117.226
117.23055555555555
117.23511111111111
117.23966666666666
117.24422222222222
117.24877777777778
117.25333333333333
117.25788888888889
117.26244444444444
117.267
117.258
117.249
117.263
117.225
117.22975
117.2345
117.23925
117.244
117.24875
117.2535
117.25825
117.263
117.25466666666667
117.24633333333333
117.23799999999999
117.24063636363637
117.24327272727274
117.24590909090911
117.24854545454548
117.25118181818185
117.25381818181822
117.25645454545459
117.25909090909096
117.26172727272733
117.2643636363637
117.26700000000007
117.25649999999999
117.24599999999998
117.23549999999997
117.22499999999997
117.22683333333333
117.22866666666667
117.2305
117.23233333333334
117.23416666666668
117.23600000000002
117.23783333333336
117.2396666666667
117.24150000000003
117.24333333333337
117.2451666666667
117.24700000000004
117.24883333333338
117.25066666666672
117.25250000000005
117.25433333333339
117.25616666666673
117.25800000000007
117.2598333333334
117.26166666666674
117.26350000000008
117.26533333333342
117.26716666666675
117.26900000000009
117.27083333333343
117.27266666666677
117.2745000000001
117.27633333333344
117.27816666666678
117.28000000000011
117.2746
117.26920000000001
117.26380000000002
117.25840000000002
117.25300000000003
117.25511764705882
117.25723529411765
117.25935294117647
117.2614705882353
117.26358823529412
117.26570588235295
117.26782352941177
117.2699411764706
117.27205882352942
117.27417647058824
117.27629411764707
117.2784117647059
117.28052941176472
117.28264705882354
117.28476470588237
117.28688235294119
117.28900000000002
117.28527272727273
117.28154545454545
117.27781818181818
117.2740909090909
117.27036363636363
117.26663636363635
117.26290909090908
117.2591818181818
117.25545454545453
117.25172727272725
117.24799999999998
117.264
117.233
117.23520833333333
117.23741666666666
117.23962499999999
117.24183333333332
117.24404166666665
117.24624999999997
117.2484583333333
117.25066666666663
117.25287499999996
117.25508333333329
117.25729166666662
117.25949999999995
117.26170833333327
117.2639166666666
117.26612499999993
117.26833333333326
117.27054166666659
117.27274999999992
117.27495833333325
117.27716666666657
117.2793749999999
117.28158333333323
117.28379166666656
117.28599999999989
117.27333333333334
117.26066666666668
117.24800000000002
117.25160000000001
117.25520000000002
117.25880000000002
117.26240000000003
117.26600000000003
117.26960000000004
117.27320000000005
117.27680000000005
117.28040000000006
117.28400000000006
117.27900000000001
117.27400000000002
117.26900000000002
117.26400000000002
117.25900000000003
117.25400000000003
117.24900000000004
117.24400000000004
117.2495
117.255
117.2605
117.26599999999999
117.25825
117.2505
117.24275
117.235
117.24335714285715
117.25171428571429
117.26007142857142
117.26842857142856
117.2767857142857
117.28514285714283
117.29349999999997
117.3018571428571
117.31021428571424
117.31857142857137
117.32692857142851
117.33528571428565
117.34364285714278
117.35199999999992
117.34561538461539
117.33923076923077
117.33284615384615
117.32646153846153
117.32007692307691
117.31369230769229
117.30730769230767
117.30092307692306
117.29453846153844
117.28815384615382
117.2817692307692
117.27538461538458
117.26899999999996
117.27525
117.2815
117.28774999999999
117.29399999999998
117.28649999999999
117.279
117.2715
117.26400000000001
117.25650000000002
117.24900000000002
117.24150000000003
117.23400000000004
117.246
117.258
117.27
117.282
117.27583333333334
117.26966666666667
117.2635
117.25733333333332
117.25116666666665
117.24499999999998
117.259
117.273
117.28699999999999
117.2825
117.27799999999999
117.27349999999998
117.26899999999998
117.26449999999997
117.25999999999996
117.268
117.276
117.28399999999999
117.29199999999999
117.29999999999998
117.30799999999998
117.31599999999997
117.32399999999997
117.33199999999997
117.32785714285714
117.32371428571429
117.31957142857144
117.31542857142858
117.31128571428573
117.30714285714288
117.30300000000003
117.309
117.315
117.31172727272727
117.30845454545454
117.30518181818181
117.30190909090908
117.29863636363635
117.29536363636362
117.29209090909089
117.28881818181816
117.28554545454543
117.2822727272727
117.27899999999997
117.28333333333333
117.28766666666667
117.292
117.2835
117.275
117.26650000000001
117.25800000000001
117.2627
117.2674
117.2721
117.2768
117.2815
117.2862
117.2909
117.2956
117.3003
117.30499999999999
117.30325
117.3015
117.29975
117.298
117.29625
117.2945
117.29275
117.291
117.28925
117.2875
117.28575
117.28399999999999
117.28224999999999
117.28049999999999
117.27874999999999
117.27699999999999
117.2812
117.2854
117.2896
117.29379999999999
117.29799999999999
117.29083333333334
117.28366666666668
117.27650000000001
117.26933333333335
117.26216666666669
117.25500000000002
117.2615
117.268
117.26133333333334
117.25466666666668
117.24800000000002
117.2496
117.2512
117.2528
117.25439999999999
117.25599999999999
117.25759999999998
117.25919999999998
117.26079999999997
117.26239999999997
117.26399999999997
117.25457142857142
117.24514285714285
117.23571428571428
117.22628571428571
117.21685714285714
117.20742857142857
117.198
117.20299999999999
117.20799999999998
117.21299999999998
117.21799999999998
117.22299999999997
117.22799999999997
117.23299999999996
117.23799999999996
117.24299999999995
117.24053846153846
117.23807692307693
117.2356153846154
117.23315384615387
117.23069230769234
117.2282307692308
117.22576923076927
117.22330769230774
117.22084615384621
117.21838461538468
117.21592307692315
117.21346153846162
117.21100000000008
117.21533333333333
117.21966666666667
117.224
117.2165
117.209
117.2128
117.2166
117.2204
117.2242
117.228
117.22328571428571
117.21857142857142
117.21385714285714
117.20914285714285
117.20442857142856
117.19971428571428
117.195
117.19635
117.1977
117.19905
117.2004
117.20175
117.2031
117.20445000000001
117.20580000000001
117.20715000000001
117.20850000000002
117.20985000000002
117.21120000000002
117.21255000000002
117.21390000000002
117.21525000000003
117.21660000000003
117.21795000000003
117.21930000000003
117.22065000000003
117.22200000000004
117.22083333333333
117.21966666666667
117.2185
117.21733333333334
117.21616666666668
117.21500000000002
117.21383333333335
117.21266666666669
117.21150000000003
117.21033333333337
117.2091666666667
117.20800000000004
117.20927272727272
117.21054545454544
117.21181818181816
117.21309090909088
117.2143636363636
117.21563636363632
117.21690909090904
117.21818181818176
117.21945454545448
117.2207272727272
117.22199999999992
117.21839999999999
117.21479999999998
117.21119999999998
117.20759999999997
117.20399999999997
117.20039999999996
117.19679999999995
117.19319999999995
117.18959999999994
117.18599999999994
117.18239999999993
117.17879999999992
117.17519999999992
117.17159999999991
117.1679999999999
117.17233333333334
117.17666666666668
117.18100000000001
117.18533333333335
117.18966666666668
117.19400000000002
117.18950000000001
117.185
117.1805
117.17599999999999
117.18
117.18400000000001
117.18800000000002
117.19200000000002
117.19600000000003
117.20000000000003
117.20400000000004
117.20129999999999
117.19859999999998
117.19589999999998
117.19319999999998
117.19049999999997
117.18779999999997
117.18509999999996
117.18239999999996
117.17969999999995
117.17699999999995
117.18211111111111
117.18722222222222
117.19233333333332
117.19744444444443
117.20255555555553
117.20766666666664
117.21277777777775
117.21788888888885
117.22299999999996
117.2205625
117.218125
117.2156875
117.21325
117.2108125
117.208375
117.2059375
117.2035
117.2010625
117.198625
117.19618750000001
117.19375000000001
117.19131250000001
117.18887500000001
117.18643750000001
117.18400000000001
117.201
117.21799999999999
117.21375
117.2095
117.20525
117.20100000000001
117.204625
117.20824999999999
117.21187499999999
117.21549999999999
117.21912499999999
117.22274999999999
117.22637499999999
117.22999999999999
117.22800000000001
117.22600000000001
117.22400000000002
117.22200000000002
117.22000000000003
117.21800000000003
117.21600000000004
117.21400000000004
117.21200000000005
117.21000000000005
117.20800000000006
117.20600000000006
117.20400000000006
117.20200000000007
117.20000000000007
117.19800000000008
117.19600000000008
117.19400000000009
117.19200000000009
117.19333333333333
117.19466666666666
117.196
117.19733333333333
117.19866666666667
117.2
117.20133333333334
117.20266666666667
117.20400000000001
117.200125
117.19625
117.19237500000001
117.18850000000002
117.18462500000003
117.18075000000003
117.17687500000004
117.17300000000004
117.18025
117.1875
117.19475
117.202
117.189
117.17599999999999
117.1805
117.185
117.18950000000001
117.19400000000002
117.176
117.17946666666667
117.18293333333334
117.1864
117.18986666666667
117.19333333333334
117.19680000000001
117.20026666666668
117.20373333333335
117.20720000000001
117.21066666666668
117.21413333333335
117.21760000000002
117.22106666666669
117.22453333333335
117.22800000000002
117.22693749999999
117.22587499999999
117.22481249999998
117.22374999999998
117.22268749999998
117.22162499999997
117.22056249999997
117.21949999999997
117.21843749999996
117.21737499999996
117.21631249999996
117.21524999999995
117.21418749999995
117.21312499999995
117.21206249999994
117.21099999999994
117.228
117.21199999999999
117.196
117.225
117.222375
117.21975
117.21712500000001
117.21450000000002
117.21187500000002
117.20925000000003
117.20662500000003
117.20400000000004
117.20975
117.2155
117.22125000000001
117.22700000000002
117.21572727272728
117.20445454545455
117.19318181818183
117.1819090909091
117.17063636363638
117.15936363636365
117.14809090909093
117.1368181818182
117.12554545454547
117.11427272727275
117.10300000000002
117.1105
117.118
117.12549999999999
117.13299999999998
117.14049999999997
117.14799999999997
117.15549999999996
117.16299999999995
117.17049999999995
117.17799999999994
117.16
117.16799999999999
117.17599999999999
117.18399999999998
117.16833333333334
117.15266666666668
117.13700000000001
117.12133333333335
117.10566666666669
117.09000000000003
117.09966666666666
117.10933333333332
117.11899999999999
117.106
117.09299999999999
117.098
117.103
117.10799999999999
117.11299999999999
117.11799999999998
117.12299999999998
117.12799999999997
117.13299999999997
117.116
117.1235
117.131
117.1385
117.14599999999999
117.14166666666667
117.13733333333333
117.133
117.12866666666666
117.12433333333333
117.11999999999999
117.12666666666667
117.13333333333333
117.13999999999999
117.13300000000001
117.126
117.13650000000001
117.14700000000002
117.123
117.14
117.12950000000001
117.119
117.132
117.14500000000001
117.13499999999999
117.125
117.13385714285714
117.14271428571428
117.15157142857142
117.16042857142855
117.16928571428569
117.17814285714283
117.18699999999997
117.172
117.179
117.186
117.179
117.172
117.16499999999999
117.15799999999999
117.15099999999998
117.1585
117.166
117.1565
117.14699999999999
117.153
117.159
117.165
117.1505
117.136
117.14118181818182
117.14636363636365
117.15154545454547
117.1567272727273
117.16190909090912
117.16709090909094
117.17227272727277
117.1774545454546
117.18263636363642
117.18781818181824
117.19300000000007
117.1905
117.188
117.1855
117.183
117.18050000000001
117.17800000000001
117.17550000000001
117.17300000000002
117.195
117.19266666666667
117.19033333333334
117.18800000000002
117.18566666666669
117.18333333333337
117.18100000000004
117.18825
117.1955
117.20275
117.21
117.2032
117.1964
117.1896
117.1828
117.176
117.205
117.1994
117.1938
117.1882
117.1826
117.17699999999999
117.18325
117.1895
117.19574999999999
117.20199999999998
117.193
117.184
117.175
117.18385714285714
117.19271428571427
117.20157142857141
117.21042857142855
117.21928571428569
117.22814285714283
117.23699999999997
117.23025
117.2235
117.21675
117.21000000000001
117.225
117.21833333333333
117.21166666666667
117.20500000000001
117.21433333333333
117.22366666666666
117.23299999999999
117.225
117.21699999999998
117.20899999999997
117.20099999999996
117.20577777777777
117.21055555555554
117.21533333333332
117.2201111111111
117.22488888888887
117.22966666666665
117.23444444444442
117.2392222222222
117.24399999999997
117.24
117.23599999999999
117.23199999999999
117.22799999999998
117.22399999999998
117.21999999999997
117.22999999999999
117.23999999999998
117.23271428571428
117.22542857142857
117.21814285714285
117.21085714285714
117.20357142857142
117.19628571428571
117.189
117.1926
117.1962
117.19980000000001
117.20340000000002
117.20700000000002
117.21060000000003
117.21420000000003
117.21780000000004
117.22140000000005
117.22500000000005
117.213
117.219
117.225
117.22235714285713
117.21971428571428
117.21707142857142
117.21442857142856
117.2117857142857
117.20914285714284
117.20649999999998
117.20385714285712
117.20121428571426
117.1985714285714
117.19592857142854
117.19328571428568
117.19064285714282
117.18799999999996
117.20400000000001
117.22
117.213
117.20599999999999
117.19899999999998
117.208
117.217
117.204
117.20859999999999
117.21319999999999
117.21779999999998
117.22239999999998
117.22699999999998
117.22566666666667
117.22433333333333
117.223
117.22166666666666
117.22033333333333
117.219
117.21766666666666
117.21633333333332
117.21499999999999
117.21366666666665
117.21233333333332
117.21099999999998
117.219
117.227
117.212
117.217
117.222
117.22699999999999
117.23199999999999
117.23699999999998
117.24199999999998
117.24699999999997
117.23
117.21300000000001
117.19600000000001
117.2
117.20400000000001
117.20800000000001
117.1995
117.191
117.2
117.209
117.218
117.21175
117.2055
117.19925
117.19300000000001
117.2
117.20700000000001
117.21400000000001
117.22100000000002
117.214
117.207
117.22
117.21199999999999
117.20399999999998
117.2115
117.219
117.18
117.18444444444445
117.1888888888889
117.19333333333334
117.19777777777779
117.20222222222223
117.20666666666668
117.21111111111112
117.21555555555557
117.22000000000001
117.2135
117.207
117.21533333333333
117.22366666666667
117.23200000000001
117.24033333333335
117.2486666666667
117.25700000000003
117.25327777777778
117.24955555555556
117.24583333333334
117.24211111111111
117.23838888888889
117.23466666666667
117.23094444444445
117.22722222222222
117.2235
117.21977777777778
117.21605555555556
117.21233333333333
117.20861111111111
117.20488888888889
117.20116666666667
117.19744444444444
117.19372222222222
117.19
117.19571428571429
117.20142857142858
117.20714285714287
117.21285714285716
117.21857142857145
117.22428571428574
117.23000000000003
117.209
117.21366666666667
117.21833333333333
117.223
117.21199999999999
117.201
117.21366666666667
117.22633333333334
117.23900000000002
117.22716666666668
117.21533333333335
117.20350000000002
117.19166666666669
117.17983333333336
117.16800000000003
117.2
117.232
117.264
117.29599999999999
117.32799999999999
117.286
117.31450000000001
117.34300000000002
117.30875
117.2745
117.24025
117.206
117.22466666666666
117.24333333333333
117.26199999999999
117.25333333333333
117.24466666666666
117.23599999999999
117.26050000000001
117.285
117.26233333333333
117.23966666666666
117.217
117.23763636363637
117.25827272727274
117.27890909090911
117.29954545454548
117.32018181818185
117.34081818181822
117.36145454545459
117.38209090909096
117.40272727272733
117.4233636363637
117.44400000000007
117.369
117.414
117.3955
117.377
117.388
117.399
117.38875
117.3785
117.36825
117.358
117.36728571428571
117.37657142857142
117.38585714285713
117.39514285714284
117.40442857142855
117.41371428571426
117.42299999999997
117.41433333333333
117.40566666666666
117.39699999999999
117.412
117.392
117.4005
117.40899999999999
117.40140000000001
117.39380000000001
117.38620000000002
117.37860000000002
117.37100000000002
117.387
117.364
117.388
117.412
117.39975000000001
117.38750000000002
117.37525000000002
117.36300000000003
117.367
117.37100000000001
117.37500000000001
117.36666666666666
117.35833333333332
117.34999999999998
117.3665
117.38300000000001
117.367
117.395
117.37933333333334
117.36366666666667
117.34800000000001
117.35714285714286
117.36628571428572
117.37542857142859
117.38457142857145
117.39371428571431
117.40285714285717
117.41200000000003
117.4211428571429
117.43028571428576
117.43942857142862
117.44857142857148
117.45771428571435
117.46685714285721
117.47600000000007
117.45828571428571
117.44057142857142
117.42285714285713
117.40514285714283
117.38742857142854
117.36971428571425
117.35199999999996
117.374
117.366
117.358
117.36614285714286
117.37428571428572
117.38242857142858
117.39057142857143
117.39871428571429
117.40685714285715
117.415
117.41066666666667
117.40633333333334
117.402
117.419
117.408
117.397
117.38600000000001
117.39266666666667
117.39933333333335
117.40600000000002
117.381
117.39733333333334
117.41366666666667
117.43
117.4235
117.417
117.429
117.441
117.42816666666667
117.41533333333334
117.4025
117.38966666666667
117.37683333333334
117.364
117.378
117.37
117.362
117.372
117.382
117.39200000000001
117.40200000000002
117.387
117.403
117.384
117.3955
117.407
117.38199999999999
117.35699999999999
117.33199999999998
117.33933333333333
117.34666666666666
117.354
117.36133333333333
117.36866666666667
117.376
117.36200000000001
117.34800000000001
117.33400000000002
117.343
117.352
117.3415
117.33099999999999
117.343
117.355
117.367
117.35300000000001
117.339
117.344
117.34899999999999
117.35399999999998
117.35899999999998
117.34949999999999
117.33999999999999
117.33049999999999
117.32099999999998
117.32385714285714
117.32671428571427
117.32957142857141
117.33242857142855
117.33528571428569
117.33814285714283
117.34099999999997
117.33577777777778
117.33055555555556
117.32533333333335
117.32011111111113
117.31488888888892
117.3096666666667
117.30444444444448
117.29922222222227
117.29400000000005
117.30125
117.3085
117.31575
117.323
117.307
117.31185714285715
117.3167142857143
117.32157142857145
117.3264285714286
117.33128571428574
117.33614285714289
117.34100000000004
117.338
117.335
117.332
117.329
117.326
117.323
117.32
117.317
117.314
117.31099999999999
117.3135
117.316
117.3185
117.321
117.3235
117.326
117.32116666666666
117.31633333333332
117.31149999999998
117.30666666666664
117.3018333333333
117.29699999999997
117.29983333333332
117.30266666666665
117.30549999999998
117.30833333333331
117.31116666666664
117.31399999999996
117.30866666666667
117.30333333333334
117.29800000000002
117.30113333333334
117.30426666666668
117.30740000000002
117.31053333333335
117.31366666666669
117.31680000000003
117.31993333333337
117.3230666666667
117.32620000000004
117.32933333333338
117.33246666666672
117.33560000000006
117.3387333333334
117.34186666666673
117.34500000000007
117.34813333333341
117.35126666666675
117.35440000000008
117.35753333333342
117.36066666666676
117.3638000000001
117.36693333333344
117.37006666666677
117.37320000000011
117.37633333333345
117.37946666666679
117.38260000000012
117.38573333333346
117.3888666666668
117.39200000000014
117.378
117.364
117.3662
117.36840000000001
117.37060000000001
117.37280000000001
117.37500000000001
117.37720000000002
117.37940000000002
117.38160000000002
117.38380000000002
117.38600000000002
117.37225
117.35849999999999
117.34474999999999
117.33099999999999
117.33533333333334
117.33966666666667
117.34400000000001
117.34833333333334
117.35266666666668
117.35700000000001
117.348
117.339
117.3414
117.34379999999999
117.34619999999998
117.34859999999998
117.35099999999997
117.34649999999999
117.34199999999998
117.33749999999998
117.33299999999997
117.3367
117.34039999999999
117.34409999999998
117.34779999999998
117.35149999999997
117.35519999999997
117.35889999999996
117.36259999999996
117.36629999999995
117.36999999999995
117.36612500000001
117.36225000000002
117.35837500000002
117.35450000000003
117.35062500000004
117.34675000000004
117.34287500000005
117.33900000000006
117.343
117.34700000000001
117.35100000000001
117.35500000000002
117.35211111111111
117.34922222222222
117.34633333333333
117.34344444444444
117.34055555555555
117.33766666666666
117.33477777777777
117.33188888888888
117.329
117.33624999999999
117.34349999999999
117.35074999999999
117.35799999999999
117.348
117.338
117.32799999999999
117.3336
117.3392
117.3448
117.35040000000001
117.35600000000001
117.35159999999999
117.34719999999999
117.34279999999998
117.33839999999998
117.33399999999997
117.3377
117.3414
117.34509999999999
117.34879999999998
117.35249999999998
117.35619999999997
117.35989999999997
117.36359999999996
117.36729999999996
117.37099999999995
117.3676
117.3642
117.3608
117.3574
117.354
117.3506
117.3472
117.3438
117.3404
117.337
117.34044444444444
117.34388888888888
117.34733333333332
117.35077777777776
117.3542222222222
117.35766666666665
117.36111111111109
117.36455555555553
117.36799999999997
117.36454545454545
117.3610909090909
117.35763636363636
117.35418181818181
117.35072727272727
117.34727272727272
117.34381818181818
117.34036363636363
117.33690909090909
117.33345454545454
117.33
117.3372
117.3444
117.35159999999999
117.35879999999999
117.36599999999999
117.3640588235294
117.36211764705881
117.36017647058821
117.35823529411762
117.35629411764702
117.35435294117643
117.35241176470583
117.35047058823524
117.34852941176464
117.34658823529405
117.34464705882345
117.34270588235286
117.34076470588226
117.33882352941167
117.33688235294107
117.33494117647048
117.33299999999988
117.33381818181817
117.33463636363635
117.33545454545452
117.3362727272727
117.33709090909088
117.33790909090905
117.33872727272723
117.3395454545454
117.34036363636358
117.34118181818175
117.34199999999993
117.3428181818181
117.34363636363628
117.34445454545445
117.34527272727263
117.3460909090908
117.34690909090898
117.34772727272716
117.34854545454533
117.3493636363635
117.35018181818168
117.35099999999986
117.35181818181803
117.35263636363621
117.35345454545438
117.35427272727256
117.35509090909073
117.35590909090891
117.35672727272708
117.35754545454526
117.35836363636344
117.35918181818161
117.35999999999979
117.3561
117.3522
117.3483
117.3444
117.34049999999999
117.33659999999999
117.33269999999999
117.32879999999999
117.32489999999999
117.32099999999998
117.32639999999999
117.33179999999999
117.33719999999998
117.34259999999998
117.34799999999997
117.34658823529412
117.34517647058824
117.34376470588236
117.34235294117649
117.34094117647061
117.33952941176473
117.33811764705885
117.33670588235297
117.3352941176471
117.33388235294122
117.33247058823534
117.33105882352946
117.32964705882358
117.3282352941177
117.32682352941183
117.32541176470595
117.32400000000007
117.3255
117.327
117.32849999999999
117.32999999999998
117.33149999999998
117.33299999999997
117.33449999999996
117.33599999999996
117.33749999999995
117.33899999999994
117.34049999999993
117.34199999999993
117.34349999999992
117.34499999999991
117.3464999999999
117.3479999999999
117.3436
117.33919999999999
117.33479999999999
117.33039999999998
117.32599999999998
117.33157142857142
117.33714285714285
117.34271428571428
117.34828571428571
117.35385714285714
117.35942857142857
117.365
117.35966666666667
117.35433333333334
117.34900000000002
